# OpenSignals Text File Format. Version 1
# {"00:07:80:89:7F:D7": {"position": 0, "device": "biosignalsplux", "device name": "00:07:80:89:7F:D7", "device connection": "BTH00:07:80:89:7F:D7", "sampling rate": 1000, "resolution": [16, 16], "firmware version": 776, "comments": "", "keywords": "", "mode": 0, "sync interval": 2, "date": "2022-10-20", "time": "10:5:13.873", "channels": [1, 2], "sensor": ["BVP", "EDA"], "label": ["CH1", "CH2"], "column": ["nSeq", "DI", "CH1", "CH2"], "special": [{"SpO2": [80, 40, 5, 4, 3, 3]}, {"SpO2": [80, 40, 5, 4, 3, 3]}, {"SpO2": [80, 40, 5, 4, 3, 3]}, {"SpO2": [80, 40, 5, 4, 3, 3]}, {"SpO2": [80, 40, 5, 4, 3, 3]}, {"SpO2": [80, 40, 5, 4, 3, 3]}, {"SpO2": [80, 40, 5, 4, 3, 3]}, {"SpO2": [80, 40, 5, 4, 3, 3]}], "digital IO": [0, 1], "sleeve color": ["green", "red"], "convertedValues": 0}}
# EndOfHeader
0	0	61911	958	
1	0	62013	970	
2	0	62152	877	
3	0	62336	879	
4	0	62527	921	
5	0	62740	936	
6	0	62956	915	
7	0	63108	933	
8	0	63244	948	
9	0	63356	981	
10	0	63457	878	
11	0	63612	901	
12	0	63780	917	
13	0	63976	935	
14	0	64184	926	
15	0	64348	931	
16	0	64480	936	
17	0	64560	937	
18	0	64646	947	
19	0	64768	953	
20	0	64928	952	
21	0	65108	956	
22	0	65296	959	
23	0	65476	886	
24	0	65535	891	
25	0	65535	901	
26	0	65535	929	
27	0	65535	931	
28	0	65535	927	
29	0	65535	931	
30	0	65535	949	
31	0	65535	961	
32	0	65535	890	
33	0	65535	897	
34	0	65535	920	
35	0	65535	943	
36	0	65535	928	
37	0	65535	938	
38	0	65535	945	
39	0	65535	950	
40	0	65535	962	
41	0	65535	964	
42	0	65535	994	
43	0	65535	888	
44	0	65535	887	
45	0	65535	896	
46	0	65535	918	
47	0	65535	931	
48	0	65535	918	
49	0	65535	946	
50	0	65535	951	
51	0	65535	996	
52	0	65535	888	
53	0	65535	891	
54	0	65535	924	
55	0	65535	918	
56	0	65535	932	
57	0	65535	952	
58	0	65535	888	
59	0	65535	884	
60	0	65535	891	
61	0	65535	881	
62	0	65535	886	
63	0	65535	914	
64	0	65535	932	
65	0	65535	931	
66	0	65535	907	
67	0	65535	916	
68	0	65535	931	
69	0	65535	944	
70	0	65535	946	
71	0	65535	881	
72	0	65535	874	
73	0	65535	879	
74	0	65535	884	
75	0	65535	909	
76	0	65535	927	
77	0	65535	918	
78	0	65535	933	
79	0	65535	944	
80	0	65535	974	
81	0	65535	873	
82	0	65535	875	
83	0	65535	869	
84	0	65535	874	
85	0	65535	888	
86	0	65535	910	
87	0	65535	906	
88	0	65535	929	
89	0	65535	902	
90	0	65535	910	
91	0	65535	914	
92	0	65535	914	
93	0	65535	916	
94	0	65535	921	
95	0	65535	932	
96	0	65535	935	
97	0	65535	936	
98	0	65535	934	
99	0	65535	957	
100	0	65535	866	
101	0	65535	869	
102	0	65535	878	
103	0	65535	910	
104	0	65535	902	
105	0	65535	923	
106	0	65535	933	
107	0	65535	864	
108	0	65535	861	
109	0	65535	863	
110	0	65535	863	
111	0	65535	864	
112	0	65535	864	
113	0	65535	863	
114	0	65535	865	
115	0	65535	866	
116	0	65535	870	
117	0	65535	871	
118	0	65535	898	
119	0	65535	899	
120	0	65535	906	
121	0	65535	920	
122	0	65535	922	
123	0	65535	863	
124	0	65535	863	
125	0	65535	865	
126	0	65535	890	
127	0	65535	918	
128	0	65535	895	
129	0	65535	906	
130	0	65535	919	
131	0	65535	924	
132	0	65535	948	
133	0	65535	859	
134	0	65535	860	
135	0	65535	859	
136	0	65535	883	
137	0	65535	885	
138	0	65535	896	
139	0	65535	923	
140	0	65535	923	
141	0	65535	946	
142	0	65535	949	
143	0	65535	862	
144	0	65535	869	
145	0	65535	911	
146	0	65535	899	
147	0	65535	914	
148	0	65535	928	
149	0	65535	966	
150	0	65535	862	
151	0	65535	881	
152	0	65535	895	
153	0	65535	911	
154	0	65535	894	
155	0	65535	909	
156	0	65535	917	
157	0	65535	926	
158	0	65535	864	
159	0	65535	864	
160	0	65535	864	
161	0	65535	891	
162	0	65535	922	
163	0	65535	895	
164	0	65535	920	
165	0	65535	896	
166	0	65535	922	
167	0	65535	928	
168	0	65535	951	
169	0	65535	864	
170	0	65535	894	
171	0	65535	906	
172	0	65535	892	
173	0	65535	924	
174	0	65535	962	
175	0	65535	865	
176	0	65535	875	
177	0	65535	908	
178	0	65535	919	
179	0	65535	900	
180	0	65535	927	
181	0	65535	947	
182	0	65535	868	
183	0	65535	868	
184	0	65535	889	
185	0	65535	899	
186	0	65535	902	
187	0	65535	902	
188	0	65535	900	
189	0	65535	901	
190	0	65535	913	
191	0	65535	895	
192	0	65535	897	
193	0	65535	903	
194	0	65535	908	
195	0	65535	926	
196	0	65535	939	
197	0	65535	868	
198	0	65535	866	
199	0	65535	899	
200	0	65535	902	
201	0	65535	915	
202	0	65535	931	
203	0	65535	935	
204	0	65535	871	
205	0	65535	872	
206	0	65535	885	
207	0	65535	946	
208	0	65535	907	
209	0	65535	883	
210	0	65535	932	
211	0	65535	925	
212	0	65535	869	
213	0	65535	897	
214	0	65535	865	
215	0	65535	908	
216	0	65535	866	
217	0	65535	911	
218	0	65535	869	
219	0	65535	932	
220	0	65535	920	
221	0	65535	864	
222	0	65535	917	
223	0	65535	881	
224	0	65535	924	
225	0	65535	903	
226	0	65535	865	
227	0	65535	898	
228	0	65535	862	
229	0	65535	926	
230	0	65535	908	
231	0	65535	858	
232	0	65535	919	
233	0	65535	894	
234	0	65535	861	
235	0	65535	912	
236	0	65535	879	
237	0	65535	925	
238	0	65535	902	
239	0	65535	892	
240	0	65535	856	
241	0	65535	903	
242	0	65535	881	
243	0	65535	936	
244	0	65535	895	
245	0	65535	871	
246	0	65535	855	
247	0	65535	912	
248	0	65535	904	
249	0	65535	851	
250	0	65535	891	
251	0	65516	854	
252	0	65468	919	
253	0	65440	888	
254	0	65456	874	
255	0	65468	846	
256	0	65481	908	
257	0	65432	902	
258	0	65372	847	
259	0	65268	911	
260	0	65176	895	
261	0	65127	850	
262	0	65100	897	
263	0	65096	883	
264	0	65077	928	
265	0	65036	877	
266	0	64960	843	
267	0	64845	901	
268	0	64734	894	
269	0	64636	844	
270	0	64591	890	
271	0	64556	862	
272	0	64524	909	
273	0	64500	875	
274	0	64414	838	
275	0	64316	891	
276	0	64181	851	
277	0	64057	902	
278	0	63996	899	
279	0	63943	842	
280	0	63908	903	
281	0	63860	896	
282	0	63796	844	
283	0	63668	890	
284	0	63532	866	
285	0	63412	905	
286	0	63316	868	
287	0	63237	841	
288	0	63191	900	
289	0	63140	881	
290	0	63068	839	
291	0	62982	896	
292	0	62836	868	
293	0	62692	901	
294	0	62564	877	
295	0	62490	837	
296	0	62431	898	
297	0	62384	867	
298	0	62316	838	
299	0	62208	895	
300	0	62060	879	
301	0	61916	913	
302	0	61780	879	
303	0	61668	846	
304	0	61588	897	
305	0	61552	886	
306	0	61494	835	
307	0	61396	898	
308	0	61253	860	
309	0	61104	835	
310	0	60935	896	
311	0	60820	873	
312	0	60736	831	
313	0	60680	892	
314	0	60628	862	
315	0	60532	897	
316	0	60412	862	
317	0	60256	834	
318	0	60088	886	
319	0	59949	841	
320	0	59852	897	
321	0	59788	869	
322	0	59744	835	
323	0	59660	887	
324	0	59551	848	
325	0	59408	907	
326	0	59255	873	
327	0	59108	850	
328	0	58988	833	
329	0	58927	887	
330	0	58884	874	
331	0	58816	837	
332	0	58728	879	
333	0	58588	881	
334	0	58448	835	
335	0	58300	895	
336	0	58192	882	
337	0	58120	838	
338	0	58053	891	
339	0	58020	876	
340	0	57956	836	
341	0	57844	897	
342	0	57720	864	
343	0	57573	836	
344	0	57462	893	
345	0	57372	859	
346	0	57332	902	
347	0	57300	870	
348	0	57244	837	
349	0	57160	896	
350	0	57052	892	
351	0	56904	836	
352	0	56792	890	
353	0	56716	850	
354	0	56672	903	
355	0	56660	864	
356	0	56628	843	
357	0	56564	901	
358	0	56468	866	
359	0	56356	839	
360	0	56232	898	
361	0	56156	891	
362	0	56124	840	
363	0	56117	892	
364	0	56109	870	
365	0	56087	908	
366	0	56016	869	
367	0	55904	839	
368	0	55810	894	
369	0	55732	864	
370	0	55704	940	
371	0	55700	874	
372	0	55704	849	
373	0	55708	907	
374	0	55672	896	
375	0	55607	847	
376	0	55512	897	
377	0	55452	886	
378	0	55400	842	
379	0	55404	906	
380	0	55444	891	
381	0	55456	847	
382	0	55444	912	
383	0	55393	884	
384	0	55316	866	
385	0	55260	853	
386	0	55221	901	
387	0	55220	883	
388	0	55270	851	
389	0	55296	903	
390	0	55308	876	
391	0	55272	955	
392	0	55213	885	
393	0	55156	848	
394	0	55124	913	
395	0	55132	913	
396	0	55148	912	
397	0	55198	911	
398	0	55236	915	
399	0	55236	917	
400	0	55184	935	
401	0	55141	852	
402	0	55100	855	
403	0	55095	857	
404	0	55126	875	
405	0	55164	884	
406	0	55220	907	
407	0	55240	911	
408	0	55221	906	
409	0	55164	906	
410	0	55124	880	
411	0	55108	906	
412	0	55140	917	
413	0	55206	923	
414	0	55268	956	
415	0	55292	857	
416	0	55284	857	
417	0	55253	864	
418	0	55189	865	
419	0	55169	889	
420	0	55199	885	
421	0	55244	910	
422	0	55303	913	
423	0	55336	917	
424	0	55356	917	
425	0	55319	920	
426	0	55264	933	
427	0	55220	870	
428	0	55224	857	
429	0	55265	859	
430	0	55320	859	
431	0	55384	863	
432	0	55413	873	
433	0	55373	866	
434	0	55328	888	
435	0	55288	906	
436	0	55277	893	
437	0	55316	915	
438	0	55381	926	
439	0	55437	863	
440	0	55476	862	
441	0	55465	893	
442	0	55428	902	
443	0	55396	911	
444	0	55365	891	
445	0	55372	911	
446	0	55428	935	
447	0	55497	855	
448	0	55540	871	
449	0	55548	891	
450	0	55532	898	
451	0	55504	914	
452	0	55456	884	
453	0	55468	886	
454	0	55524	910	
455	0	55584	889	
456	0	55672	901	
457	0	55692	915	
458	0	55676	920	
459	0	55656	932	
460	0	55620	861	
461	0	55632	858	
462	0	55668	869	
463	0	55744	897	
464	0	55820	901	
465	0	55868	920	
466	0	55862	922	
467	0	55861	928	
468	0	55829	861	
469	0	55812	859	
470	0	55852	903	
471	0	55932	896	
472	0	56000	919	
473	0	56077	927	
474	0	56088	962	
475	0	56084	860	
476	0	56068	859	
477	0	56046	857	
478	0	56070	860	
479	0	56140	857	
480	0	56213	855	
481	0	56280	859	
482	0	56316	860	
483	0	56317	887	
484	0	56288	903	
485	0	56276	899	
486	0	56300	894	
487	0	56348	898	
488	0	56416	900	
489	0	56500	908	
490	0	56540	905	
491	0	56548	905	
492	0	56517	899	
493	0	56495	890	
494	0	56492	912	
495	0	56512	927	
496	0	56584	862	
497	0	56652	857	
498	0	56708	866	
499	0	56717	895	
500	0	56708	914	
501	0	56684	890	
502	0	56672	901	
503	0	56684	921	
504	0	56728	925	
505	0	56804	864	
506	0	56860	861	
507	0	56884	862	
508	0	56870	861	
509	0	56836	876	
510	0	56804	903	
511	0	56804	902	
512	0	56840	916	
513	0	56900	906	
514	0	56945	885	
515	0	56993	896	
516	0	56964	891	
517	0	56944	897	
518	0	56912	902	
519	0	56872	897	
520	0	56908	900	
521	0	56948	907	
522	0	57012	908	
523	0	57048	900	
524	0	57044	902	
525	0	57001	906	
526	0	56964	916	
527	0	56928	919	
528	0	56924	926	
529	0	56959	941	
530	0	57016	865	
531	0	57060	862	
532	0	57060	959	
533	0	57044	945	
534	0	56996	923	
535	0	56953	924	
536	0	56944	934	
537	0	56969	941	
538	0	57020	862	
539	0	57070	855	
540	0	57092	858	
541	0	57069	860	
542	0	57024	869	
543	0	56996	857	
544	0	56964	860	
545	0	56973	865	
546	0	57008	906	
547	0	57053	895	
548	0	57076	909	
549	0	57080	920	
550	0	57037	915	
551	0	56989	855	
552	0	56948	855	
553	0	56960	872	
554	0	56973	876	
555	0	57028	893	
556	0	57064	904	
557	0	57061	887	
558	0	57044	911	
559	0	56974	880	
560	0	56929	888	
561	0	56911	900	
562	0	56920	913	
563	0	56964	915	
564	0	57005	919	
565	0	57015	926	
566	0	56992	920	
567	0	56933	915	
568	0	56870	915	
569	0	56839	927	
570	0	56837	856	
571	0	56879	852	
572	0	56911	852	
573	0	56940	851	
574	0	56924	862	
575	0	56865	875	
576	0	56808	903	
577	0	56744	879	
578	0	56729	893	
579	0	56744	901	
580	0	56780	908	
581	0	56812	919	
582	0	56783	853	
583	0	56744	851	
584	0	56676	857	
585	0	56612	900	
586	0	56572	889	
587	0	56572	878	
588	0	56604	895	
589	0	56628	899	
590	0	56628	902	
591	0	56589	901	
592	0	56517	897	
593	0	56448	906	
594	0	56396	939	
595	0	56374	848	
596	0	56405	856	
597	0	56421	866	
598	0	56423	900	
599	0	56388	875	
600	0	56324	885	
601	0	56244	895	
602	0	56176	898	
603	0	56140	903	
604	0	56140	910	
605	0	56160	914	
606	0	56170	924	
607	0	56151	953	
608	0	56092	853	
609	0	56016	854	
610	0	55953	869	
611	0	55900	906	
612	0	55896	888	
613	0	55925	893	
614	0	55940	905	
615	0	55940	910	
616	0	55889	911	
617	0	55808	913	
618	0	55726	915	
619	0	55692	912	
620	0	55668	916	
621	0	55676	917	
622	0	55710	934	
623	0	55704	855	
624	0	55676	853	
625	0	55604	860	
626	0	55527	883	
627	0	55464	911	
628	0	55436	909	
629	0	55452	910	
630	0	55460	894	
631	0	55471	892	
632	0	55444	902	
633	0	55396	902	
634	0	55325	909	
635	0	55236	902	
636	0	55208	911	
637	0	55196	921	
638	0	55220	923	
639	0	55228	936	
640	0	55209	953	
641	0	55156	864	
642	0	55080	860	
643	0	55004	864	
644	0	54944	859	
645	0	54920	861	
646	0	54933	862	
647	0	54956	860	
648	0	54945	863	
649	0	54908	864	
650	0	54844	863	
651	0	54756	865	
652	0	54692	866	
653	0	54644	863	
654	0	54649	866	
655	0	54668	864	
656	0	54665	965	
657	0	54644	869	
658	0	54569	864	
659	0	54492	866	
660	0	54404	866	
661	0	54359	898	
662	0	54340	917	
663	0	54348	899	
664	0	54356	895	
665	0	54340	909	
666	0	54276	919	
667	0	54197	910	
668	0	54108	901	
669	0	54040	894	
670	0	54020	897	
671	0	54017	891	
672	0	54008	901	
673	0	54008	904	
674	0	53958	904	
675	0	53869	875	
676	0	53796	879	
677	0	53716	874	
678	0	53668	863	
679	0	53652	865	
680	0	53668	864	
681	0	53655	861	
682	0	53616	862	
683	0	53548	870	
684	0	53444	866	
685	0	53368	869	
686	0	53312	863	
687	0	53288	862	
688	0	53292	861	
689	0	53292	862	
690	0	53268	861	
691	0	53196	859	
692	0	53124	864	
693	0	53028	872	
694	0	52954	867	
695	0	52924	866	
696	0	52927	879	
697	0	52932	892	
698	0	52916	872	
699	0	52860	901	
700	0	52772	902	
701	0	52677	895	
702	0	52608	895	
703	0	52565	907	
704	0	52564	884	
705	0	52568	895	
706	0	52546	898	
707	0	52505	912	
708	0	52444	920	
709	0	52332	947	
710	0	52260	855	
711	0	52204	855	
712	0	52176	859	
713	0	52172	890	
714	0	52164	880	
715	0	52140	891	
716	0	52084	904	
717	0	51983	910	
718	0	51885	901	
719	0	51800	894	
720	0	51764	889	
721	0	51757	883	
722	0	51757	885	
723	0	51728	890	
724	0	51676	882	
725	0	51592	888	
726	0	51480	895	
727	0	51388	904	
728	0	51349	909	
729	0	51318	910	
730	0	51328	907	
731	0	51313	907	
732	0	51279	909	
733	0	51176	951	
734	0	51078	847	
735	0	50988	870	
736	0	50920	876	
737	0	50888	893	
738	0	50888	906	
739	0	50884	930	
740	0	50847	846	
741	0	50772	851	
742	0	50682	861	
743	0	50580	909	
744	0	50496	879	
745	0	50471	897	
746	0	50480	846	
747	0	50452	882	
748	0	50436	911	
749	0	50383	846	
750	0	50300	872	
751	0	50208	869	
752	0	50121	878	
753	0	50062	867	
754	0	50054	894	
755	0	50061	875	
756	0	50040	869	
757	0	50004	870	
758	0	49918	868	
759	0	49831	872	
760	0	49752	892	
761	0	49679	873	
762	0	49652	862	
763	0	49660	846	
764	0	49652	860	
765	0	49624	878	
766	0	49556	889	
767	0	49464	874	
768	0	49380	878	
769	0	49304	882	
770	0	49279	886	
771	0	49262	899	
772	0	49272	900	
773	0	49244	899	
774	0	49186	896	
775	0	49102	901	
776	0	49008	893	
777	0	48945	885	
778	0	48886	885	
779	0	48877	875	
780	0	48872	872	
781	0	48868	868	
782	0	48833	890	
783	0	48750	893	
784	0	48660	856	
785	0	48584	839	
786	0	48519	841	
787	0	48504	841	
788	0	48495	839	
789	0	48503	839	
790	0	48489	843	
791	0	48420	841	
792	0	48316	842	
793	0	48223	913	
794	0	48164	845	
795	0	48120	838	
796	0	48120	839	
797	0	48127	841	
798	0	48120	845	
799	0	48084	846	
800	0	47997	884	
801	0	47903	869	
802	0	47840	884	
803	0	47793	897	
804	0	47791	901	
805	0	47792	929	
806	0	47784	839	
807	0	47748	840	
808	0	47676	840	
809	0	47589	857	
810	0	47516	860	
811	0	47456	874	
812	0	47448	862	
813	0	47468	840	
814	0	47472	834	
815	0	47444	837	
816	0	47388	916	
817	0	47320	896	
818	0	47236	885	
819	0	47189	872	
820	0	47158	868	
821	0	47156	875	
822	0	47182	882	
823	0	47190	867	
824	0	47144	843	
825	0	47072	837	
826	0	46984	837	
827	0	46910	837	
828	0	46889	841	
829	0	46888	837	
830	0	46908	900	
831	0	46920	901	
832	0	46904	926	
833	0	46844	836	
834	0	46757	837	
835	0	46668	837	
836	0	46637	844	
837	0	46636	836	
838	0	46656	838	
839	0	46661	838	
840	0	46641	837	
841	0	46599	837	
842	0	46529	841	
843	0	46460	837	
844	0	46416	843	
845	0	46392	845	
846	0	46420	841	
847	0	46430	837	
848	0	46422	837	
849	0	46392	837	
850	0	46316	836	
851	0	46246	911	
852	0	46180	932	
853	0	46156	937	
854	0	46158	921	
855	0	46184	903	
856	0	46203	899	
857	0	46188	911	
858	0	46112	943	
859	0	46032	835	
860	0	45967	837	
861	0	45932	842	
862	0	45929	862	
863	0	45959	873	
864	0	45956	863	
865	0	45940	861	
866	0	45896	883	
867	0	45836	886	
868	0	45760	891	
869	0	45716	863	
870	0	45700	884	
871	0	45708	892	
872	0	45729	869	
873	0	45732	865	
874	0	45692	885	
875	0	45624	864	
876	0	45546	867	
877	0	45500	885	
878	0	45468	889	
879	0	45481	890	
880	0	45508	885	
881	0	45512	878	
882	0	45488	901	
883	0	45452	847	
884	0	45368	879	
885	0	45312	900	
886	0	45269	878	
887	0	45261	890	
888	0	45280	887	
889	0	45294	895	
890	0	45293	888	
891	0	45252	889	
892	0	45188	888	
893	0	45124	887	
894	0	45072	883	
895	0	45064	888	
896	0	45092	895	
897	0	45112	896	
898	0	45129	895	
899	0	45092	892	
900	0	45029	895	
901	0	44956	894	
902	0	44920	899	
903	0	44893	902	
904	0	44916	901	
905	0	44948	898	
906	0	44961	891	
907	0	44950	898	
908	0	44912	901	
909	0	44840	892	
910	0	44789	894	
911	0	44768	903	
912	0	44774	903	
913	0	44806	903	
914	0	44820	903	
915	0	44818	914	
916	0	44784	951	
917	0	44729	849	
918	0	44673	846	
919	0	44628	845	
920	0	44632	847	
921	0	44665	845	
922	0	44704	848	
923	0	44720	846	
924	0	44698	863	
925	0	44644	885	
926	0	44572	867	
927	0	44528	871	
928	0	44520	883	
929	0	44535	889	
930	0	44581	901	
931	0	44600	900	
932	0	44608	905	
933	0	44556	917	
934	0	44500	850	
935	0	44440	847	
936	0	44428	848	
937	0	44445	846	
938	0	44477	846	
939	0	44508	855	
940	0	44508	863	
941	0	44468	869	
942	0	44409	864	
943	0	44345	864	
944	0	44316	875	
945	0	44308	872	
946	0	44344	882	
947	0	44372	883	
948	0	44390	888	
949	0	44369	875	
950	0	44304	870	
951	0	44237	874	
952	0	44181	872	
953	0	44168	871	
954	0	44196	881	
955	0	44228	888	
956	0	44252	895	
957	0	44224	901	
958	0	44164	890	
959	0	44092	901	
960	0	44039	899	
961	0	44004	896	
962	0	44016	901	
963	0	44039	902	
964	0	44058	893	
965	0	44056	901	
966	0	44017	900	
967	0	43946	877	
968	0	43880	899	
969	0	43836	901	
970	0	43823	901	
971	0	43838	892	
972	0	43876	885	
973	0	43876	891	
974	0	43841	883	
975	0	43785	899	
976	0	43708	898	
977	0	43660	900	
978	0	43637	901	
979	0	43653	873	
980	0	43678	873	
981	0	43692	879	
982	0	43671	880	
983	0	43620	887	
984	0	43545	882	
985	0	43476	886	
986	0	43450	888	
987	0	43460	886	
988	0	43484	879	
989	0	43496	878	
990	0	43481	884	
991	0	43436	879	
992	0	43374	881	
993	0	43308	884	
994	0	43257	902	
995	0	43244	889	
996	0	43273	890	
997	0	43296	873	
998	0	43289	874	
999	0	43246	868	
1000	0	43196	873	
1001	0	43120	875	
1002	0	43062	898	
1003	0	43045	883	
1004	0	43053	884	
1005	0	43068	886	
1006	0	43072	891	
1007	0	43060	882	
1008	0	42990	878	
1009	0	42924	879	
1010	0	42852	892	
1011	0	42820	904	
1012	0	42824	885	
1013	0	42844	891	
1014	0	42873	904	
1015	0	42878	904	
1016	0	42804	858	
1017	0	42736	898	
1018	0	42664	916	
1019	0	42632	872	
1020	0	42624	898	
1021	0	42644	855	
1022	0	42668	859	
1023	0	42677	882	
1024	0	42648	884	
1025	0	42572	899	
1026	0	42516	883	
1027	0	42462	903	
1028	0	42448	897	
1029	0	42460	903	
1030	0	42487	888	
1031	0	42504	901	
1032	0	42492	905	
1033	0	42448	901	
1034	0	42372	877	
1035	0	42312	882	
1036	0	42284	888	
1037	0	42304	900	
1038	0	42332	893	
1039	0	42362	902	
1040	0	42356	897	
1041	0	42317	896	
1042	0	42257	902	
1043	0	42188	894	
1044	0	42148	903	
1045	0	42148	885	
1046	0	42168	861	
1047	0	42212	864	
1048	0	42216	859	
1049	0	42176	857	
1050	0	42119	860	
1051	0	42060	863	
1052	0	42005	860	
1053	0	41990	880	
1054	0	42012	904	
1055	0	42040	899	
1056	0	42060	904	
1057	0	42036	884	
1058	0	41982	886	
1059	0	41917	891	
1060	0	41852	893	
1061	0	41824	898	
1062	0	41824	901	
1063	0	41844	909	
1064	0	41884	908	
1065	0	41860	906	
1066	0	41812	901	
1067	0	41748	903	
1068	0	41670	907	
1069	0	41628	912	
1070	0	41616	911	
1071	0	41621	913	
1072	0	41644	934	
1073	0	41648	855	
1074	0	41612	854	
1075	0	41526	855	
1076	0	41449	853	
1077	0	41389	850	
1078	0	41359	857	
1079	0	41364	858	
1080	0	41375	858	
1081	0	41381	869	
1082	0	41349	878	
1083	0	41279	866	
1084	0	41204	862	
1085	0	41124	859	
1086	0	41084	855	
1087	0	41081	860	
1088	0	41092	858	
1089	0	41099	854	
1090	0	41076	851	
1091	0	41015	854	
1092	0	40932	855	
1093	0	40853	855	
1094	0	40799	854	
1095	0	40780	859	
1096	0	40780	873	
1097	0	40792	892	
1098	0	40776	877	
1099	0	40719	880	
1100	0	40636	888	
1101	0	40544	901	
1102	0	40482	902	
1103	0	40444	908	
1104	0	40452	911	
1105	0	40453	933	
1106	0	40452	849	
1107	0	40408	855	
1108	0	40332	881	
1109	0	40240	879	
1110	0	40160	892	
1111	0	40113	899	
1112	0	40112	910	
1113	0	40126	907	
1114	0	40132	913	
1115	0	40096	956	
1116	0	40036	852	
1117	0	39948	853	
1118	0	39866	854	
1119	0	39822	868	
1120	0	39793	882	
1121	0	39808	877	
1122	0	39812	896	
1123	0	39796	900	
1124	0	39752	903	
1125	0	39670	912	
1126	0	39582	912	
1127	0	39528	908	
1128	0	39508	907	
1129	0	39520	910	
1130	0	39524	910	
1131	0	39524	909	
1132	0	39485	910	
1133	0	39414	912	
1134	0	39328	915	
1135	0	39265	856	
1136	0	39224	857	
1137	0	39218	852	
1138	0	39236	856	
1139	0	39240	855	
1140	0	39232	864	
1141	0	39168	879	
1142	0	39089	886	
1143	0	39016	898	
1144	0	38977	903	
1145	0	38964	883	
1146	0	38977	890	
1147	0	39000	887	
1148	0	39004	878	
1149	0	38964	879	
1150	0	38892	905	
1151	0	38824	876	
1152	0	38768	892	
1153	0	38760	905	
1154	0	38763	911	
1155	0	38799	914	
1156	0	38804	916	
1157	0	38783	917	
1158	0	38717	920	
1159	0	38636	927	
1160	0	38580	861	
1161	0	38551	861	
1162	0	38568	863	
1163	0	38600	864	
1164	0	38628	858	
1165	0	38616	862	
1166	0	38573	931	
1167	0	38504	904	
1168	0	38444	883	
1169	0	38404	886	
1170	0	38415	865	
1171	0	38436	861	
1172	0	38469	857	
1173	0	38484	869	
1174	0	38454	940	
1175	0	38400	917	
1176	0	38345	913	
1177	0	38308	915	
1178	0	38300	911	
1179	0	38324	917	
1180	0	38359	904	
1181	0	38367	894	
1182	0	38372	887	
1183	0	38317	886	
1184	0	38252	902	
1185	0	38196	904	
1186	0	38182	910	
1187	0	38204	910	
1188	0	38232	886	
1189	0	38269	907	
1190	0	38273	897	
1191	0	38237	906	
1192	0	38180	898	
1193	0	38127	895	
1194	0	38096	907	
1195	0	38109	886	
1196	0	38144	909	
1197	0	38181	907	
1198	0	38204	902	
1199	0	38184	899	
1200	0	38132	903	
1201	0	38072	904	
1202	0	38042	893	
1203	0	38037	869	
1204	0	38078	865	
1205	0	38124	864	
1206	0	38158	966	
1207	0	38164	923	
1208	0	38117	914	
1209	0	38064	903	
1210	0	38024	891	
1211	0	38024	908	
1212	0	38052	907	
1213	0	38092	906	
1214	0	38121	911	
1215	0	38142	900	
1216	0	38108	890	
1217	0	38055	874	
1218	0	38013	869	
1219	0	37980	869	
1220	0	38004	869	
1221	0	38025	863	
1222	0	38080	864	
1223	0	38096	863	
1224	0	38081	863	
1225	0	38024	866	
1226	0	37984	863	
1227	0	37944	975	
1228	0	37952	928	
1229	0	37986	917	
1230	0	38034	905	
1231	0	38060	901	
1232	0	38052	899	
1233	0	38014	889	
1234	0	37957	891	
1235	0	37909	891	
1236	0	37912	889	
1237	0	37935	908	
1238	0	37977	902	
1239	0	38008	911	
1240	0	38015	909	
1241	0	37980	906	
1242	0	37930	890	
1243	0	37885	912	
1244	0	37857	902	
1245	0	37879	897	
1246	0	37912	900	
1247	0	37948	902	
1248	0	37964	906	
1249	0	37948	886	
1250	0	37890	888	
1251	0	37832	890	
1252	0	37805	903	
1253	0	37807	915	
1254	0	37841	918	
1255	0	37884	924	
1256	0	37893	921	
1257	0	37892	938	
1258	0	37850	861	
1259	0	37793	863	
1260	0	37756	859	
1261	0	37740	863	
1262	0	37760	860	
1263	0	37804	863	
1264	0	37826	859	
1265	0	37828	859	
1266	0	37800	863	
1267	0	37742	902	
1268	0	37700	888	
1269	0	37660	911	
1270	0	37676	918	
1271	0	37712	959	
1272	0	37756	861	
1273	0	37772	866	
1274	0	37756	895	
1275	0	37704	886	
1276	0	37660	890	
1277	0	37632	905	
1278	0	37633	910	
1279	0	37665	917	
1280	0	37696	861	
1281	0	37724	856	
1282	0	37705	870	
1283	0	37685	898	
1284	0	37640	873	
1285	0	37598	914	
1286	0	37600	896	
1287	0	37630	920	
1288	0	37678	898	
1289	0	37706	935	
1290	0	37728	892	
1291	0	37696	930	
1292	0	37640	902	
1293	0	37593	914	
1294	0	37577	893	
1295	0	37596	907	
1296	0	37624	859	
1297	0	37669	894	
1298	0	37684	853	
1299	0	37673	882	
1300	0	37620	888	
1301	0	37580	897	
1302	0	37536	884	
1303	0	37542	862	
1304	0	37572	868	
1305	0	37621	862	
1306	0	37648	857	
1307	0	37636	862	
1308	0	37612	870	
1309	0	37556	863	
1310	0	37501	881	
1311	0	37492	884	
1312	0	37518	895	
1313	0	37564	884	
1314	0	37600	865	
1315	0	37608	863	
1316	0	37578	855	
1317	0	37519	849	
1318	0	37468	852	
1319	0	37441	854	
1320	0	37452	854	
1321	0	37492	939	
1322	0	37528	930	
1323	0	37551	903	
1324	0	37528	893	
1325	0	37476	884	
1326	0	37424	876	
1327	0	37388	879	
1328	0	37392	879	
1329	0	37417	880	
1330	0	37464	880	
1331	0	37489	877	
1332	0	37480	870	
1333	0	37440	878	
1334	0	37364	877	
1335	0	37332	872	
1336	0	37309	870	
1337	0	37344	870	
1338	0	37370	869	
1339	0	37404	889	
1340	0	37409	872	
1341	0	37372	860	
1342	0	37310	849	
1343	0	37260	852	
1344	0	37220	851	
1345	0	37232	857	
1346	0	37260	863	
1347	0	37289	866	
1348	0	37300	865	
1349	0	37280	863	
1350	0	37233	887	
1351	0	37173	868	
1352	0	37140	879	
1353	0	37136	898	
1354	0	37156	900	
1355	0	37193	903	
1356	0	37214	924	
1357	0	37200	846	
1358	0	37160	846	
1359	0	37086	849	
1360	0	37036	841	
1361	0	37016	852	
1362	0	37026	877	
1363	0	37060	873	
1364	0	37088	867	
1365	0	37077	880	
1366	0	37046	881	
1367	0	36992	884	
1368	0	36932	887	
1369	0	36909	887	
1370	0	36909	879	
1371	0	36940	870	
1372	0	36973	869	
1373	0	36980	868	
1374	0	36956	884	
1375	0	36912	891	
1376	0	36844	868	
1377	0	36798	847	
1378	0	36798	848	
1379	0	36828	852	
1380	0	36865	848	
1381	0	36887	842	
1382	0	36868	845	
1383	0	36821	848	
1384	0	36772	851	
1385	0	36724	848	
1386	0	36720	845	
1387	0	36736	847	
1388	0	36772	848	
1389	0	36804	860	
1390	0	36794	875	
1391	0	36756	878	
1392	0	36701	884	
1393	0	36653	890	
1394	0	36629	893	
1395	0	36640	890	
1396	0	36674	869	
1397	0	36696	885	
1398	0	36712	858	
1399	0	36677	850	
1400	0	36633	847	
1401	0	36572	845	
1402	0	36541	844	
1403	0	36528	847	
1404	0	36552	846	
1405	0	36580	957	
1406	0	36600	905	
1407	0	36592	915	
1408	0	36552	900	
1409	0	36485	919	
1410	0	36455	917	
1411	0	36428	903	
1412	0	36448	900	
1413	0	36492	895	
1414	0	36517	895	
1415	0	36516	899	
1416	0	36479	896	
1417	0	36422	898	
1418	0	36364	891	
1419	0	36332	885	
1420	0	36332	867	
1421	0	36368	868	
1422	0	36405	869	
1423	0	36412	871	
1424	0	36390	873	
1425	0	36329	872	
1426	0	36271	870	
1427	0	36237	877	
1428	0	36228	872	
1429	0	36256	879	
1430	0	36288	879	
1431	0	36308	886	
1432	0	36292	884	
1433	0	36245	886	
1434	0	36187	876	
1435	0	36132	877	
1436	0	36116	866	
1437	0	36121	873	
1438	0	36158	877	
1439	0	36189	895	
1440	0	36180	890	
1441	0	36144	869	
1442	0	36069	869	
1443	0	36008	895	
1444	0	35968	891	
1445	0	35973	864	
1446	0	35992	848	
1447	0	36036	849	
1448	0	36042	847	
1449	0	36006	950	
1450	0	35962	904	
1451	0	35896	895	
1452	0	35852	882	
1453	0	35844	893	
1454	0	35872	874	
1455	0	35898	864	
1456	0	35916	853	
1457	0	35896	850	
1458	0	35844	934	
1459	0	35793	907	
1460	0	35732	902	
1461	0	35716	899	
1462	0	35728	900	
1463	0	35760	902	
1464	0	35792	887	
1465	0	35780	876	
1466	0	35732	879	
1467	0	35670	852	
1468	0	35616	853	
1469	0	35585	852	
1470	0	35584	857	
1471	0	35623	916	
1472	0	35652	913	
1473	0	35650	908	
1474	0	35621	900	
1475	0	35558	891	
1476	0	35496	875	
1477	0	35464	899	
1478	0	35444	868	
1479	0	35460	857	
1480	0	35492	855	
1481	0	35492	856	
1482	0	35470	933	
1483	0	35402	910	
1484	0	35348	910	
1485	0	35296	909	
1486	0	35277	910	
1487	0	35298	897	
1488	0	35320	915	
1489	0	35352	855	
1490	0	35328	894	
1491	0	35292	907	
1492	0	35225	904	
1493	0	35160	894	
1494	0	35140	880	
1495	0	35136	903	
1496	0	35157	900	
1497	0	35189	901	
1498	0	35188	899	
1499	0	35144	897	
1500	0	35084	893	
1501	0	35008	885	
1502	0	34962	884	
1503	0	34956	864	
1504	0	34959	870	
1505	0	34988	895	
1506	0	34996	897	
1507	0	34964	902	
1508	0	34900	901	
1509	0	34836	894	
1510	0	34776	896	
1511	0	34734	897	
1512	0	34756	882	
1513	0	34773	887	
1514	0	34786	874	
1515	0	34768	870	
1516	0	34716	857	
1517	0	34657	855	
1518	0	34583	856	
1519	0	34536	853	
1520	0	34536	949	
1521	0	34558	915	
1522	0	34574	906	
1523	0	34572	903	
1524	0	34524	885	
1525	0	34468	896	
1526	0	34377	863	
1527	0	34332	857	
1528	0	34308	854	
1529	0	34319	853	
1530	0	34333	854	
1531	0	34332	903	
1532	0	34295	891	
1533	0	34237	899	
1534	0	34157	859	
1535	0	34100	853	
1536	0	34078	911	
1537	0	34084	896	
1538	0	34102	884	
1539	0	34106	881	
1540	0	34079	871	
1541	0	34024	874	
1542	0	33935	880	
1543	0	33860	881	
1544	0	33817	876	
1545	0	33809	876	
1546	0	33829	870	
1547	0	33856	895	
1548	0	33848	884	
1549	0	33806	871	
1550	0	33732	869	
1551	0	33668	890	
1552	0	33612	881	
1553	0	33596	883	
1554	0	33620	866	
1555	0	33641	855	
1556	0	33656	853	
1557	0	33617	847	
1558	0	33557	848	
1559	0	33480	852	
1560	0	33416	957	
1561	0	33388	848	
1562	0	33392	847	
1563	0	33416	851	
1564	0	33436	851	
1565	0	33412	850	
1566	0	33364	859	
1567	0	33282	858	
1568	0	33204	867	
1569	0	33156	866	
1570	0	33152	860	
1571	0	33172	870	
1572	0	33184	876	
1573	0	33180	889	
1574	0	33137	865	
1575	0	33061	869	
1576	0	32993	876	
1577	0	32943	870	
1578	0	32929	866	
1579	0	32932	882	
1580	0	32960	855	
1581	0	32960	851	
1582	0	32932	844	
1583	0	32884	849	
1584	0	32804	903	
1585	0	32740	899	
1586	0	32725	902	
1587	0	32727	902	
1588	0	32760	902	
1589	0	32774	900	
1590	0	32772	898	
1591	0	32716	897	
1592	0	32636	898	
1593	0	32569	845	
1594	0	32545	842	
1595	0	32544	844	
1596	0	32568	844	
1597	0	32596	847	
1598	0	32596	847	
1599	0	32548	943	
1600	0	32480	902	
1601	0	32408	895	
1602	0	32357	890	
1603	0	32356	887	
1604	0	32373	873	
1605	0	32404	887	
1606	0	32412	858	
1607	0	32390	846	
1608	0	32340	841	
1609	0	32260	844	
1610	0	32204	845	
1611	0	32181	841	
1612	0	32197	841	
1613	0	32224	842	
1614	0	32252	845	
1615	0	32236	842	
1616	0	32188	845	
1617	0	32124	844	
1618	0	32068	851	
1619	0	32029	847	
1620	0	32036	847	
1621	0	32056	938	
1622	0	32087	914	
1623	0	32081	912	
1624	0	32048	901	
1625	0	31974	895	
1626	0	31906	893	
1627	0	31855	883	
1628	0	31853	876	
1629	0	31868	869	
1630	0	31892	869	
1631	0	31902	870	
1632	0	31879	883	
1633	0	31816	877	
1634	0	31744	885	
1635	0	31685	893	
1636	0	31669	897	
1637	0	31667	895	
1638	0	31710	899	
1639	0	31720	898	
1640	0	31708	901	
1641	0	31652	947	
1642	0	31583	901	
1643	0	31521	845	
1644	0	31485	846	
1645	0	31484	846	
1646	0	31500	847	
1647	0	31532	848	
1648	0	31528	846	
1649	0	31487	850	
1650	0	31416	857	
1651	0	31345	855	
1652	0	31300	856	
1653	0	31292	863	
1654	0	31308	855	
1655	0	31332	851	
1656	0	31330	847	
1657	0	31301	850	
1658	0	31244	850	
1659	0	31172	854	
1660	0	31120	852	
1661	0	31110	862	
1662	0	31121	862	
1663	0	31150	854	
1664	0	31166	852	
1665	0	31159	848	
1666	0	31108	851	
1667	0	31052	905	
1668	0	30988	892	
1669	0	30956	876	
1670	0	30969	868	
1671	0	31000	870	
1672	0	31032	871	
1673	0	31041	871	
1674	0	31009	895	
1675	0	30951	878	
1676	0	30880	871	
1677	0	30836	876	
1678	0	30830	859	
1679	0	30859	856	
1680	0	30888	852	
1681	0	30902	852	
1682	0	30886	850	
1683	0	30836	851	
1684	0	30776	906	
1685	0	30732	930	
1686	0	30718	904	
1687	0	30750	905	
1688	0	30796	901	
1689	0	30820	892	
1690	0	30828	886	
1691	0	30792	878	
1692	0	30740	872	
1693	0	30692	890	
1694	0	30676	894	
1695	0	30704	880	
1696	0	30748	866	
1697	0	30788	861	
1698	0	30817	857	
1699	0	30789	857	
1700	0	30742	858	
1701	0	30697	857	
1702	0	30666	853	
1703	0	30692	856	
1704	0	30735	855	
1705	0	30789	855	
1706	0	30824	858	
1707	0	30820	856	
1708	0	30784	855	
1709	0	30744	853	
1710	0	30720	855	
1711	0	30726	861	
1712	0	30776	856	
1713	0	30831	856	
1714	0	30886	858	
1715	0	30901	931	
1716	0	30880	909	
1717	0	30841	902	
1718	0	30804	889	
1719	0	30812	883	
1720	0	30849	890	
1721	0	30909	894	
1722	0	30964	898	
1723	0	30994	896	
1724	0	30981	890	
1725	0	30958	893	
1726	0	30920	890	
1727	0	30908	886	
1728	0	30936	882	
1729	0	31004	878	
1730	0	31064	876	
1731	0	31101	878	
1732	0	31109	876	
1733	0	31084	884	
1734	0	31045	889	
1735	0	31028	885	
1736	0	31038	877	
1737	0	31086	897	
1738	0	31153	885	
1739	0	31204	868	
1740	0	31220	857	
1741	0	31197	859	
1742	0	31159	857	
1743	0	31128	855	
1744	0	31132	856	
1745	0	31176	931	
1746	0	31236	908	
1747	0	31288	905	
1748	0	31324	901	
1749	0	31312	892	
1750	0	31276	896	
1751	0	31238	906	
1752	0	31226	898	
1753	0	31247	893	
1754	0	31295	884	
1755	0	31358	882	
1756	0	31407	879	
1757	0	31412	882	
1758	0	31388	874	
1759	0	31344	899	
1760	0	31332	892	
1761	0	31344	899	
1762	0	31383	876	
1763	0	31437	860	
1764	0	31486	855	
1765	0	31503	961	
1766	0	31480	918	
1767	0	31440	914	
1768	0	31412	910	
1769	0	31400	908	
1770	0	31424	907	
1771	0	31486	906	
1772	0	31540	910	
1773	0	31567	908	
1774	0	31552	901	
1775	0	31524	897	
1776	0	31479	900	
1777	0	31460	901	
1778	0	31480	902	
1779	0	31528	903	
1780	0	31585	906	
1781	0	31620	896	
1782	0	31621	891	
1783	0	31585	883	
1784	0	31550	877	
1785	0	31519	900	
1786	0	31524	903	
1787	0	31567	902	
1788	0	31621	901	
1789	0	31668	892	
1790	0	31682	867	
1791	0	31660	864	
1792	0	31613	861	
1793	0	31568	865	
1794	0	31568	943	
1795	0	31591	915	
1796	0	31644	910	
1797	0	31696	902	
1798	0	31718	889	
1799	0	31702	885	
1800	0	31663	884	
1801	0	31620	901	
1802	0	31588	882	
1803	0	31604	880	
1804	0	31644	885	
1805	0	31700	882	
1806	0	31716	899	
1807	0	31711	900	
1808	0	31672	894	
1809	0	31620	868	
1810	0	31590	864	
1811	0	31597	863	
1812	0	31640	864	
1813	0	31690	865	
1814	0	31732	868	
1815	0	31733	867	
1816	0	31704	867	
1817	0	31641	918	
1818	0	31612	914	
1819	0	31607	905	
1820	0	31636	899	
1821	0	31690	890	
1822	0	31740	909	
1823	0	31759	903	
1824	0	31733	883	
1825	0	31688	905	
1826	0	31642	871	
1827	0	31661	876	
1828	0	31668	891	
1829	0	31701	917	
1830	0	31749	868	
1831	0	31784	906	
1832	0	31776	893	
1833	0	31719	899	
1834	0	31673	891	
1835	0	31641	901	
1836	0	31653	882	
1837	0	31688	901	
1838	0	31737	898	
1839	0	31784	901	
1840	0	31788	899	
1841	0	31752	889	
1842	0	31708	890	
1843	0	31668	877	
1844	0	31662	874	
1845	0	31692	868	
1846	0	31740	870	
1847	0	31792	925	
1848	0	31801	921	
1849	0	31772	915	
1850	0	31728	919	
1851	0	31684	921	
1852	0	31672	939	
1853	0	31688	871	
1854	0	31741	870	
1855	0	31788	869	
1856	0	31813	868	
1857	0	31808	869	
1858	0	31772	866	
1859	0	31720	870	
1860	0	31689	869	
1861	0	31694	870	
1862	0	31729	867	
1863	0	31788	871	
1864	0	31829	871	
1865	0	31836	934	
1866	0	31808	931	
1867	0	31764	925	
1868	0	31724	920	
1869	0	31720	921	
1870	0	31740	917	
1871	0	31784	919	
1872	0	31836	925	
1873	0	31852	926	
1874	0	31839	928	
1875	0	31796	954	
1876	0	31757	979	
1877	0	31736	923	
1878	0	31760	919	
1879	0	31807	921	
1880	0	31845	917	
1881	0	31869	917	
1882	0	31860	913	
1883	0	31837	918	
1884	0	31781	918	
1885	0	31764	920	
1886	0	31766	919	
1887	0	31802	924	
1888	0	31852	935	
1889	0	31892	869	
1890	0	31904	866	
1891	0	31872	868	
1892	0	31828	959	
1893	0	31791	941	
1894	0	31784	922	
1895	0	31808	918	
1896	0	31872	918	
1897	0	31913	921	
1898	0	31936	920	
1899	0	31917	927	
1900	0	31878	915	
1901	0	31841	922	
1902	0	31812	919	
1903	0	31826	921	
1904	0	31865	920	
1905	0	31916	959	
1906	0	31946	862	
1907	0	31940	863	
1908	0	31902	865	
1909	0	31854	969	
1910	0	31832	972	
1911	0	31846	957	
1912	0	31872	858	
1913	0	31936	862	
1914	0	31970	869	
1915	0	31968	957	
1916	0	31932	934	
1917	0	31878	969	
1918	0	31834	864	
1919	0	31821	863	
1920	0	31855	860	
1921	0	31908	858	
1922	0	31960	949	
1923	0	31977	914	
1924	0	31957	912	
1925	0	31921	904	
1926	0	31873	896	
1927	0	31848	902	
1928	0	31870	907	
1929	0	31916	908	
1930	0	31960	906	
1931	0	31996	911	
1932	0	31997	910	
1933	0	31951	908	
1934	0	31909	907	
1935	0	31880	897	
1936	0	31881	876	
1937	0	31925	898	
1938	0	31977	877	
1939	0	32022	884	
1940	0	32026	869	
1941	0	31996	857	
1942	0	31948	859	
1943	0	31918	859	
1944	0	31918	939	
1945	0	31956	910	
1946	0	32008	905	
1947	0	32056	882	
1948	0	32081	892	
1949	0	32072	897	
1950	0	32036	865	
1951	0	32003	857	
1952	0	31990	859	
1953	0	32021	858	
1954	0	32072	858	
1955	0	32128	955	
1956	0	32167	922	
1957	0	32167	912	
1958	0	32148	921	
1959	0	32100	911	
1960	0	32081	909	
1961	0	32100	858	
1962	0	32173	891	
1963	0	32228	893	
1964	0	32263	861	
1965	0	32268	871	
1966	0	32240	854	
1967	0	32205	946	
1968	0	32184	908	
1969	0	32193	908	
1970	0	32227	901	
1971	0	32288	896	
1972	0	32334	895	
1973	0	32376	883	
1974	0	32354	876	
1975	0	32319	874	
1976	0	32292	871	
1977	0	32277	875	
1978	0	32300	886	
1979	0	32356	898	
1980	0	32412	895	
1981	0	32440	872	
1982	0	32432	857	
1983	0	32401	856	
1984	0	32364	931	
1985	0	32337	906	
1986	0	32356	895	
1987	0	32393	884	
1988	0	32454	899	
1989	0	32488	888	
1990	0	32484	870	
1991	0	32455	861	
1992	0	32414	853	
1993	0	32376	853	
1994	0	32380	854	
1995	0	32408	850	
1996	0	32456	855	
1997	0	32504	852	
1998	0	32528	853	
1999	0	32516	855	
2000	0	32474	858	
2001	0	32440	933	
2002	0	32421	911	
2003	0	32440	904	
2004	0	32497	902	
2005	0	32550	893	
2006	0	32560	891	
2007	0	32572	893	
2008	0	32528	887	
2009	0	32489	884	
2010	0	32469	872	
2011	0	32477	898	
2012	0	32512	872	
2013	0	32564	853	
2014	0	32594	856	
2015	0	32600	913	
2016	0	32572	907	
2017	0	32533	905	
2018	0	32495	897	
2019	0	32500	898	
2020	0	32527	894	
2021	0	32578	895	
2022	0	32616	886	
2023	0	32644	891	
2024	0	32620	885	
2025	0	32572	888	
2026	0	32524	888	
2027	0	32508	887	
2028	0	32532	878	
2029	0	32580	875	
2030	0	32629	893	
2031	0	32664	879	
2032	0	32661	889	
2033	0	32631	887	
2034	0	32576	885	
2035	0	32557	889	
2036	0	32566	897	
2037	0	32607	901	
2038	0	32660	907	
2039	0	32700	910	
2040	0	32705	910	
2041	0	32682	913	
2042	0	32634	906	
2043	0	32599	902	
2044	0	32576	901	
2045	0	32613	898	
2046	0	32660	902	
2047	0	32701	901	
2048	0	32708	889	
2049	0	32678	888	
2050	0	32634	892	
2051	0	32588	892	
2052	0	32570	894	
2053	0	32585	894	
2054	0	32636	895	
2055	0	32673	895	
2056	0	32705	895	
2057	0	32688	887	
2058	0	32649	891	
2059	0	32592	902	
2060	0	32560	893	
2061	0	32564	895	
2062	0	32592	897	
2063	0	32632	858	
2064	0	32665	962	
2065	0	32672	901	
2066	0	32632	872	
2067	0	32572	892	
2068	0	32532	869	
2069	0	32526	858	
2070	0	32541	862	
2071	0	32588	859	
2072	0	32624	917	
2073	0	32633	902	
2074	0	32609	889	
2075	0	32560	873	
2076	0	32508	899	
2077	0	32482	894	
2078	0	32497	878	
2079	0	32540	857	
2080	0	32585	854	
2081	0	32602	907	
2082	0	32582	878	
2083	0	32538	879	
2084	0	32481	857	
2085	0	32442	956	
2086	0	32444	906	
2087	0	32485	881	
2088	0	32521	884	
2089	0	32552	889	
2090	0	32542	860	
2091	0	32502	857	
2092	0	32442	852	
2093	0	32399	911	
2094	0	32390	898	
2095	0	32408	901	
2096	0	32449	860	
2097	0	32488	858	
2098	0	32494	906	
2099	0	32471	894	
2100	0	32421	896	
2101	0	32372	863	
2102	0	32341	856	
2103	0	32356	856	
2104	0	32408	929	
2105	0	32441	912	
2106	0	32461	897	
2107	0	32441	882	
2108	0	32408	876	
2109	0	32345	899	
2110	0	32302	886	
2111	0	32317	868	
2112	0	32343	854	
2113	0	32392	859	
2114	0	32406	909	
2115	0	32408	902	
2116	0	32367	891	
2117	0	32310	883	
2118	0	32264	879	
2119	0	32260	862	
2120	0	32273	854	
2121	0	32320	917	
2122	0	32361	909	
2123	0	32359	899	
2124	0	32336	888	
2125	0	32286	896	
2126	0	32240	866	
2127	0	32214	854	
2128	0	32231	950	
2129	0	32265	896	
2130	0	32292	880	
2131	0	32326	892	
2132	0	32313	853	
2133	0	32254	919	
2134	0	32202	888	
2135	0	32164	876	
2136	0	32164	872	
2137	0	32196	858	
2138	0	32230	854	
2139	0	32268	949	
2140	0	32268	901	
2141	0	32230	886	
2142	0	32164	895	
2143	0	32132	854	
2144	0	32108	916	
2145	0	32128	891	
2146	0	32162	885	
2147	0	32210	854	
2148	0	32208	918	
2149	0	32180	901	
2150	0	32125	888	
2151	0	32077	894	
2152	0	32044	864	
2153	0	32049	854	
2154	0	32088	945	
2155	0	32120	905	
2156	0	32143	904	
2157	0	32121	902	
2158	0	32065	883	
2159	0	32008	902	
2160	0	31961	859	
2161	0	31958	853	
2162	0	31988	904	
2163	0	32037	883	
2164	0	32056	879	
2165	0	32058	853	
2166	0	32008	950	
2167	0	31952	905	
2168	0	31894	875	
2169	0	31876	874	
2170	0	31900	855	
2171	0	31936	959	
2172	0	31972	906	
2173	0	31970	873	
2174	0	31936	874	
2175	0	31870	857	
2176	0	31812	853	
2177	0	31789	940	
2178	0	31792	905	
2179	0	31820	881	
2180	0	31862	873	
2181	0	31878	852	
2182	0	31861	855	
2183	0	31796	905	
2184	0	31739	880	
2185	0	31692	869	
2186	0	31683	855	
2187	0	31713	907	
2188	0	31748	889	
2189	0	31776	884	
2190	0	31764	853	
2191	0	31712	907	
2192	0	31649	880	
2193	0	31600	857	
2194	0	31580	855	
2195	0	31604	900	
2196	0	31633	899	
2197	0	31662	855	
2198	0	31664	915	
2199	0	31632	889	
2200	0	31564	862	
2201	0	31508	857	
2202	0	31468	902	
2203	0	31480	872	
2204	0	31516	860	
2205	0	31549	944	
2206	0	31562	887	
2207	0	31532	882	
2208	0	31477	855	
2209	0	31417	903	
2210	0	31366	883	
2211	0	31366	871	
2212	0	31388	856	
2213	0	31424	906	
2214	0	31447	886	
2215	0	31444	890	
2216	0	31399	854	
2217	0	31328	950	
2218	0	31272	896	
2219	0	31255	899	
2220	0	31272	860	
2221	0	31309	908	
2222	0	31336	878	
2223	0	31345	860	
2224	0	31296	960	
2225	0	31237	898	
2226	0	31184	879	
2227	0	31156	878	
2228	0	31156	855	
2229	0	31192	856	
2230	0	31228	906	
2231	0	31240	889	
2232	0	31216	871	
2233	0	31160	858	
2234	0	31088	857	
2235	0	31053	901	
2236	0	31048	873	
2237	0	31064	861	
2238	0	31108	852	
2239	0	31136	921	
2240	0	31126	882	
2241	0	31086	890	
2242	0	31013	853	
2243	0	30959	958	
2244	0	30944	906	
2245	0	30960	888	
2246	0	30996	883	
2247	0	31013	856	
2248	0	31013	854	
2249	0	30980	911	
2250	0	30914	897	
2251	0	30856	877	
2252	0	30824	897	
2253	0	30829	862	
2254	0	30852	860	
2255	0	30884	905	
2256	0	30900	885	
2257	0	30873	899	
2258	0	30816	874	
2259	0	30756	852	
2260	0	30708	924	
2261	0	30695	901	
2262	0	30724	886	
2263	0	30756	882	
2264	0	30788	855	
2265	0	30768	855	
2266	0	30710	927	
2267	0	30652	899	
2268	0	30604	882	
2269	0	30575	888	
2270	0	30589	875	
2271	0	30620	855	
2272	0	30656	853	
2273	0	30653	909	
2274	0	30618	890	
2275	0	30568	872	
2276	0	30504	876	
2277	0	30476	854	
2278	0	30476	902	
2279	0	30504	877	
2280	0	30548	860	
2281	0	30559	855	
2282	0	30535	917	
2283	0	30480	902	
2284	0	30424	901	
2285	0	30376	890	
2286	0	30374	871	
2287	0	30396	882	
2288	0	30438	854	
2289	0	30466	905	
2290	0	30446	900	
2291	0	30406	881	
2292	0	30348	894	
2293	0	30294	858	
2294	0	30264	853	
2295	0	30292	907	
2296	0	30327	892	
2297	0	30357	876	
2298	0	30359	888	
2299	0	30327	861	
2300	0	30272	853	
2301	0	30207	854	
2302	0	30180	921	
2303	0	30174	900	
2304	0	30215	885	
2305	0	30264	894	
2306	0	30277	859	
2307	0	30256	853	
2308	0	30201	905	
2309	0	30149	884	
2310	0	30110	900	
2311	0	30104	861	
2312	0	30134	854	
2313	0	30173	956	
2314	0	30200	905	
2315	0	30182	891	
2316	0	30148	876	
2317	0	30084	880	
2318	0	30038	854	
2319	0	30012	855	
2320	0	30036	904	
2321	0	30079	883	
2322	0	30112	862	
2323	0	30113	854	
2324	0	30088	927	
2325	0	30028	905	
2326	0	29972	893	
2327	0	29948	879	
2328	0	29961	883	
2329	0	30000	855	
2330	0	30044	913	
2331	0	30060	901	
2332	0	30042	877	
2333	0	29994	871	
2334	0	29940	855	
2335	0	29912	910	
2336	0	29917	896	
2337	0	29941	885	
2338	0	29996	875	
2339	0	30033	880	
2340	0	30033	868	
2341	0	30000	860	
2342	0	29942	852	
2343	0	29896	851	
2344	0	29888	906	
2345	0	29932	896	
2346	0	29973	883	
2347	0	30012	895	
2348	0	30012	887	
2349	0	29996	869	
2350	0	29956	854	
2351	0	29911	950	
2352	0	29889	900	
2353	0	29909	881	
2354	0	29966	890	
2355	0	30020	855	
2356	0	30044	854	
2357	0	30044	903	
2358	0	30014	901	
2359	0	29965	875	
2360	0	29941	878	
2361	0	29969	855	
2362	0	30016	914	
2363	0	30072	901	
2364	0	30125	888	
2365	0	30140	898	
2366	0	30122	859	
2367	0	30084	909	
2368	0	30062	899	
2369	0	30077	874	
2370	0	30115	891	
2371	0	30182	901	
2372	0	30261	855	
2373	0	30289	856	
2374	0	30276	861	
2375	0	30260	893	
2376	0	30238	885	
2377	0	30236	894	
2378	0	30268	895	
2379	0	30340	858	
2380	0	30407	854	
2381	0	30458	903	
2382	0	30472	896	
2383	0	30438	876	
2384	0	30412	897	
2385	0	30408	891	
2386	0	30432	870	
2387	0	30492	860	
2388	0	30556	857	
2389	0	30616	854	
2390	0	30637	916	
2391	0	30632	901	
2392	0	30596	876	
2393	0	30577	888	
2394	0	30588	853	
2395	0	30632	909	
2396	0	30708	887	
2397	0	30768	874	
2398	0	30812	886	
2399	0	30812	855	
2400	0	30773	856	
2401	0	30752	895	
2402	0	30752	879	
2403	0	30784	894	
2404	0	30844	862	
2405	0	30916	854	
2406	0	30956	913	
2407	0	30964	903	
2408	0	30944	895	
2409	0	30912	882	
2410	0	30900	869	
2411	0	30928	883	
2412	0	30990	860	
2413	0	31044	850	
2414	0	31093	853	
2415	0	31120	904	
2416	0	31102	890	
2417	0	31068	887	
2418	0	31056	866	
2419	0	31060	853	
2420	0	31108	855	
2421	0	31173	852	
2422	0	31227	933	
2423	0	31256	903	
2424	0	31261	895	
2425	0	31228	882	
2426	0	31201	894	
2427	0	31193	872	
2428	0	31228	857	
2429	0	31301	853	
2430	0	31357	851	
2431	0	31396	903	
2432	0	31397	882	
2433	0	31373	894	
2434	0	31336	856	
2435	0	31330	850	
2436	0	31340	905	
2437	0	31391	880	
2438	0	31458	885	
2439	0	31517	853	
2440	0	31536	853	
2441	0	31496	852	
2442	0	31452	855	
2443	0	31455	882	
2444	0	31476	875	
2445	0	31520	890	
2446	0	31580	854	
2447	0	31640	854	
2448	0	31672	910	
2449	0	31660	907	
2450	0	31632	899	
2451	0	31601	887	
2452	0	31596	901	
2453	0	31629	886	
2454	0	31685	857	
2455	0	31749	855	
2456	0	31788	912	
2457	0	31790	896	
2458	0	31758	897	
2459	0	31718	867	
2460	0	31704	857	
2461	0	31729	945	
2462	0	31768	902	
2463	0	31831	879	
2464	0	31876	879	
2465	0	31889	857	
2466	0	31856	859	
2467	0	31825	902	
2468	0	31797	887	
2469	0	31800	903	
2470	0	31839	872	
2471	0	31896	856	
2472	0	31953	856	
2473	0	31968	910	
2474	0	31958	900	
2475	0	31921	884	
2476	0	31884	898	
2477	0	31876	897	
2478	0	31905	878	
2479	0	31952	857	
2480	0	32004	854	
2481	0	32042	944	
2482	0	32036	907	
2483	0	31996	893	
2484	0	31956	901	
2485	0	31934	864	
2486	0	31945	860	
2487	0	31992	927	
2488	0	32046	902	
2489	0	32087	877	
2490	0	32101	885	
2491	0	32068	857	
2492	0	32028	856	
2493	0	32001	857	
2494	0	32001	855	
2495	0	32037	918	
2496	0	32091	905	
2497	0	32140	892	
2498	0	32160	874	
2499	0	32149	867	
2500	0	32106	857	
2501	0	32084	907	
2502	0	32068	906	
2503	0	32095	891	
2504	0	32136	899	
2505	0	32193	858	
2506	0	32233	856	
2507	0	32228	901	
2508	0	32201	874	
2509	0	32164	869	
2510	0	32145	855	
2511	0	32164	910	
2512	0	32212	898	
2513	0	32263	878	
2514	0	32301	888	
2515	0	32312	853	
2516	0	32297	852	
2517	0	32263	941	
2518	0	32224	907	
2519	0	32220	901	
2520	0	32253	890	
2521	0	32312	883	
2522	0	32365	877	
2523	0	32382	902	
2524	0	32373	883	
2525	0	32330	880	
2526	0	32300	856	
2527	0	32284	858	
2528	0	32308	914	
2529	0	32358	912	
2530	0	32405	917	
2531	0	32444	916	
2532	0	32436	909	
2533	0	32409	901	
2534	0	32364	895	
2535	0	32334	871	
2536	0	32338	881	
2537	0	32382	855	
2538	0	32437	857	
2539	0	32476	901	
2540	0	32486	894	
2541	0	32463	880	
2542	0	32413	875	
2543	0	32380	851	
2544	0	32372	906	
2545	0	32405	882	
2546	0	32454	890	
2547	0	32500	863	
2548	0	32530	853	
2549	0	32510	907	
2550	0	32468	899	
2551	0	32424	877	
2552	0	32404	869	
2553	0	32428	854	
2554	0	32466	911	
2555	0	32519	901	
2556	0	32548	880	
2557	0	32537	872	
2558	0	32492	854	
2559	0	32453	948	
2560	0	32416	905	
2561	0	32416	907	
2562	0	32460	903	
2563	0	32500	890	
2564	0	32540	891	
2565	0	32548	881	
2566	0	32504	862	
2567	0	32462	854	
2568	0	32420	854	
2569	0	32402	855	
2570	0	32432	904	
2571	0	32480	892	
2572	0	32525	874	
2573	0	32528	856	
2574	0	32504	856	
2575	0	32462	903	
2576	0	32413	887	
2577	0	32386	874	
2578	0	32396	893	
2579	0	32444	868	
2580	0	32481	863	
2581	0	32497	858	
2582	0	32492	858	
2583	0	32440	850	
2584	0	32384	853	
2585	0	32348	850	
2586	0	32336	855	
2587	0	32372	918	
2588	0	32414	898	
2589	0	32436	880	
2590	0	32436	891	
2591	0	32398	859	
2592	0	32342	850	
2593	0	32288	909	
2594	0	32280	902	
2595	0	32292	903	
2596	0	32336	882	
2597	0	32385	891	
2598	0	32372	856	
2599	0	32356	849	
2600	0	32300	850	
2601	0	32248	908	
2602	0	32222	904	
2603	0	32238	902	
2604	0	32280	897	
2605	0	32317	893	
2606	0	32327	879	
2607	0	32308	872	
2608	0	32261	876	
2609	0	32204	870	
2610	0	32176	879	
2611	0	32172	891	
2612	0	32205	863	
2613	0	32250	857	
2614	0	32278	856	
2615	0	32276	869	
2616	0	32233	852	
2617	0	32180	849	
2618	0	32129	852	
2619	0	32120	851	
2620	0	32136	849	
2621	0	32176	899	
2622	0	32215	900	
2623	0	32213	877	
2624	0	32196	879	
2625	0	32140	848	
2626	0	32093	852	
2627	0	32064	899	
2628	0	32076	895	
2629	0	32108	883	
2630	0	32150	869	
2631	0	32164	869	
2632	0	32154	846	
2633	0	32116	920	
2634	0	32047	900	
2635	0	32020	890	
2636	0	32022	868	
2637	0	32044	874	
2638	0	32085	845	
2639	0	32124	902	
2640	0	32120	893	
2641	0	32079	886	
2642	0	32025	868	
2643	0	31984	881	
2644	0	31964	861	
2645	0	31966	852	
2646	0	32017	846	
2647	0	32058	847	
2648	0	32069	898	
2649	0	32048	881	
2650	0	31990	870	
2651	0	31941	866	
2652	0	31925	888	
2653	0	31921	850	
2654	0	31952	845	
2655	0	31997	847	
2656	0	32025	902	
2657	0	32004	878	
2658	0	31957	867	
2659	0	31897	845	
2660	0	31865	902	
2661	0	31863	891	
2662	0	31878	870	
2663	0	31926	869	
2664	0	31964	869	
2665	0	31960	849	
2666	0	31909	844	
2667	0	31853	933	
2668	0	31808	895	
2669	0	31784	887	
2670	0	31796	871	
2671	0	31842	889	
2672	0	31881	855	
2673	0	31886	844	
2674	0	31856	952	
2675	0	31797	898	
2676	0	31748	891	
2677	0	31724	878	
2678	0	31723	876	
2679	0	31758	868	
2680	0	31799	887	
2681	0	31821	856	
2682	0	31801	866	
2683	0	31762	843	
2684	0	31685	850	
2685	0	31654	914	
2686	0	31644	903	
2687	0	31672	893	
2688	0	31712	899	
2689	0	31741	893	
2690	0	31737	890	
2691	0	31700	887	
2692	0	31641	895	
2693	0	31588	894	
2694	0	31567	898	
2695	0	31592	902	
2696	0	31626	901	
2697	0	31672	899	
2698	0	31670	901	
2699	0	31638	901	
2700	0	31592	894	
2701	0	31538	894	
2702	0	31498	886	
2703	0	31505	879	
2704	0	31550	874	
2705	0	31584	874	
2706	0	31601	869	
2707	0	31588	867	
2708	0	31534	875	
2709	0	31481	853	
2710	0	31438	846	
2711	0	31429	847	
2712	0	31463	846	
2713	0	31508	848	
2714	0	31540	916	
2715	0	31536	897	
2716	0	31504	886	
2717	0	31448	894	
2718	0	31397	900	
2719	0	31375	846	
2720	0	31412	866	
2721	0	31444	869	
2722	0	31480	883	
2723	0	31489	845	
2724	0	31460	842	
2725	0	31392	845	
2726	0	31353	846	
2727	0	31319	901	
2728	0	31324	898	
2729	0	31365	897	
2730	0	31404	901	
2731	0	31422	899	
2732	0	31408	894	
2733	0	31359	888	
2734	0	31296	876	
2735	0	31264	864	
2736	0	31260	851	
2737	0	31288	847	
2738	0	31332	849	
2739	0	31366	849	
2740	0	31365	847	
2741	0	31328	850	
2742	0	31278	918	
2743	0	31224	908	
2744	0	31205	901	
2745	0	31224	895	
2746	0	31265	891	
2747	0	31298	885	
2748	0	31312	881	
2749	0	31284	879	
2750	0	31226	887	
2751	0	31176	870	
2752	0	31152	849	
2753	0	31156	848	
2754	0	31197	850	
2755	0	31239	954	
2756	0	31256	907	
2757	0	31244	901	
2758	0	31202	892	
2759	0	31140	871	
2760	0	31104	869	
2761	0	31100	850	
2762	0	31128	849	
2763	0	31172	942	
2764	0	31207	901	
2765	0	31204	899	
2766	0	31164	879	
2767	0	31108	883	
2768	0	31047	860	
2769	0	31039	851	
2770	0	31060	851	
2771	0	31092	917	
2772	0	31129	898	
2773	0	31145	881	
2774	0	31108	870	
2775	0	31060	872	
2776	0	31004	859	
2777	0	30970	849	
2778	0	30980	951	
2779	0	31016	901	
2780	0	31061	883	
2781	0	31076	891	
2782	0	31064	854	
2783	0	31033	852	
2784	0	30964	849	
2785	0	30924	919	
2786	0	30924	885	
2787	0	30954	883	
2788	0	30992	852	
2789	0	31024	899	
2790	0	31020	879	
2791	0	30988	872	
2792	0	30920	892	
2793	0	30873	869	
2794	0	30855	853	
2795	0	30876	851	
2796	0	30913	849	
2797	0	30952	920	
2798	0	30958	901	
2799	0	30916	888	
2800	0	30869	872	
2801	0	30813	890	
2802	0	30772	856	
2803	0	30782	850	
2804	0	30812	929	
2805	0	30860	902	
2806	0	30874	882	
2807	0	30856	883	
2808	0	30812	854	
2809	0	30750	902	
2810	0	30705	888	
2811	0	30697	876	
2812	0	30727	877	
2813	0	30763	866	
2814	0	30796	855	
2815	0	30788	852	
2816	0	30745	926	
2817	0	30686	902	
2818	0	30628	895	
2819	0	30604	893	
2820	0	30630	880	
2821	0	30668	891	
2822	0	30700	888	
2823	0	30716	880	
2824	0	30688	862	
2825	0	30614	853	
2826	0	30564	856	
2827	0	30529	906	
2828	0	30532	901	
2829	0	30564	888	
2830	0	30612	873	
2831	0	30632	893	
2832	0	30610	867	
2833	0	30548	855	
2834	0	30492	853	
2835	0	30446	851	
2836	0	30444	962	
2837	0	30468	901	
2838	0	30509	877	
2839	0	30536	872	
2840	0	30528	855	
2841	0	30485	853	
2842	0	30418	908	
2843	0	30373	883	
2844	0	30353	862	
2845	0	30372	853	
2846	0	30408	916	
2847	0	30433	904	
2848	0	30436	883	
2849	0	30404	872	
2850	0	30353	873	
2851	0	30297	854	
2852	0	30260	856	
2853	0	30272	903	
2854	0	30303	880	
2855	0	30356	893	
2856	0	30362	870	
2857	0	30348	867	
2858	0	30286	864	
2859	0	30226	854	
2860	0	30182	851	
2861	0	30177	854	
2862	0	30210	901	
2863	0	30244	884	
2864	0	30271	882	
2865	0	30252	852	
2866	0	30214	854	
2867	0	30156	856	
2868	0	30108	854	
2869	0	30076	946	
2870	0	30097	959	
2871	0	30126	917	
2872	0	30161	901	
2873	0	30166	891	
2874	0	30128	883	
2875	0	30066	875	
2876	0	30016	896	
2877	0	29980	874	
2878	0	29980	855	
2879	0	30012	855	
2880	0	30048	917	
2881	0	30057	898	
2882	0	30028	879	
2883	0	29984	875	
2884	0	29914	873	
2885	0	29871	889	
2886	0	29857	862	
2887	0	29884	850	
2888	0	29916	905	
2889	0	29946	882	
2890	0	29932	890	
2891	0	29896	852	
2892	0	29841	912	
2893	0	29774	894	
2894	0	29750	875	
2895	0	29769	879	
2896	0	29804	872	
2897	0	29834	892	
2898	0	29836	860	
2899	0	29797	851	
2900	0	29737	853	
2901	0	29684	904	
2902	0	29640	897	
2903	0	29638	888	
2904	0	29676	881	
2905	0	29709	868	
2906	0	29726	870	
2907	0	29700	890	
2908	0	29644	873	
2909	0	29584	852	
2910	0	29540	856	
2911	0	29534	915	
2912	0	29548	898	
2913	0	29592	870	
2914	0	29621	862	
2915	0	29609	853	
2916	0	29565	902	
2917	0	29508	889	
2918	0	29459	895	
2919	0	29431	859	
2920	0	29439	852	
2921	0	29489	904	
2922	0	29516	888	
2923	0	29520	880	
2924	0	29488	878	
2925	0	29425	859	
2926	0	29367	850	
2927	0	29338	851	
2928	0	29336	903	
2929	0	29372	902	
2930	0	29406	898	
2931	0	29418	883	
2932	0	29391	887	
2933	0	29345	872	
2934	0	29284	851	
2935	0	29228	848	
2936	0	29222	911	
2937	0	29252	902	
2938	0	29288	899	
2939	0	29308	893	
2940	0	29308	882	
2941	0	29262	872	
2942	0	29192	869	
2943	0	29145	876	
2944	0	29121	889	
2945	0	29134	889	
2946	0	29176	855	
2947	0	29214	845	
2948	0	29215	935	
2949	0	29176	900	
2950	0	29125	887	
2951	0	29064	873	
2952	0	29028	875	
2953	0	29043	849	
2954	0	29064	850	
2955	0	29116	898	
2956	0	29124	894	
2957	0	29110	881	
2958	0	29053	867	
2959	0	28988	882	
2960	0	28952	856	
2961	0	28942	849	
2962	0	28972	849	
2963	0	29016	896	
2964	0	29044	870	
2965	0	29040	884	
2966	0	29008	885	
2967	0	28945	859	
2968	0	28892	849	
2969	0	28872	847	
2970	0	28896	851	
2971	0	28944	897	
2972	0	28984	891	
2973	0	28985	892	
2974	0	28956	889	
2975	0	28904	879	
2976	0	28846	874	
2977	0	28817	874	
2978	0	28836	869	
2979	0	28868	869	
2980	0	28905	864	
2981	0	28928	879	
2982	0	28906	876	
2983	0	28863	867	
2984	0	28798	847	
2985	0	28761	850	
2986	0	28756	864	
2987	0	28791	866	
2988	0	28836	866	
2989	0	28868	868	
2990	0	28856	883	
2991	0	28794	903	
2992	0	28765	844	
2993	0	28727	845	
2994	0	28702	897	
2995	0	28721	891	
2996	0	28764	889	
2997	0	28790	877	
2998	0	28796	863	
2999	0	28769	874	
