# OpenSignals Text File Format. Version 1
# {"00:07:80:89:7F:D7": {"position": 0, "device": "biosignalsplux", "device name": "00:07:80:89:7F:D7", "device connection": "BTH00:07:80:89:7F:D7", "sampling rate": 1000, "resolution": [16, 16], "firmware version": 776, "comments": "", "keywords": "", "mode": 0, "sync interval": 2, "date": "2022-10-20", "time": "10:5:26.807", "channels": [1, 2], "sensor": ["BVP", "EDA"], "label": ["CH1", "CH2"], "column": ["nSeq", "DI", "CH1", "CH2"], "special": [{"SpO2": [80, 40, 5, 4, 3, 3]}, {"SpO2": [80, 40, 5, 4, 3, 3]}, {"SpO2": [80, 40, 5, 4, 3, 3]}, {"SpO2": [80, 40, 5, 4, 3, 3]}, {"SpO2": [80, 40, 5, 4, 3, 3]}, {"SpO2": [80, 40, 5, 4, 3, 3]}, {"SpO2": [80, 40, 5, 4, 3, 3]}, {"SpO2": [80, 40, 5, 4, 3, 3]}], "digital IO": [0, 1], "sleeve color": ["green", "red"], "convertedValues": 0}}
# EndOfHeader
0	0	30640	835	
1	0	30682	858	
2	0	30719	892	
3	0	30768	845	
4	0	30764	875	
5	0	30732	837	
6	0	30670	855	
7	0	30630	892	
8	0	30620	868	
9	0	30649	887	
10	0	30692	839	
11	0	30736	871	
12	0	30752	836	
13	0	30721	863	
14	0	30669	901	
15	0	30612	851	
16	0	30585	876	
17	0	30591	838	
18	0	30632	865	
19	0	30685	886	
20	0	30712	842	
21	0	30697	873	
22	0	30654	833	
23	0	30589	863	
24	0	30551	836	
25	0	30550	868	
26	0	30588	883	
27	0	30642	834	
28	0	30688	878	
29	0	30692	886	
30	0	30656	837	
31	0	30602	864	
32	0	30561	839	
33	0	30540	856	
34	0	30564	875	
35	0	30620	836	
36	0	30665	859	
37	0	30689	893	
38	0	30662	849	
39	0	30608	881	
40	0	30557	841	
41	0	30532	872	
42	0	30548	837	
43	0	30592	853	
44	0	30636	882	
45	0	30665	837	
46	0	30650	865	
47	0	30594	841	
48	0	30544	871	
49	0	30494	888	
50	0	30498	840	
51	0	30533	878	
52	0	30574	836	
53	0	30612	858	
54	0	30612	839	
55	0	30569	871	
56	0	30506	884	
57	0	30462	837	
58	0	30449	859	
59	0	30470	896	
60	0	30514	859	
61	0	30564	889	
62	0	30585	873	
63	0	30556	839	
64	0	30505	862	
65	0	30446	838	
66	0	30412	857	
67	0	30432	839	
68	0	30478	860	
69	0	30530	840	
70	0	30561	856	
71	0	30548	837	
72	0	30510	853	
73	0	30460	839	
74	0	30424	854	
75	0	30424	836	
76	0	30470	862	
77	0	30522	841	
78	0	30573	872	
79	0	30580	838	
80	0	30551	867	
81	0	30508	837	
82	0	30470	865	
83	0	30460	839	
84	0	30490	860	
85	0	30548	899	
86	0	30604	869	
87	0	30628	885	
88	0	30613	843	
89	0	30564	880	
90	0	30512	845	
91	0	30500	879	
92	0	30520	843	
93	0	30567	880	
94	0	30614	838	
95	0	30658	863	
96	0	30648	901	
97	0	30612	873	
98	0	30568	893	
99	0	30528	861	
100	0	30540	887	
101	0	30565	844	
102	0	30630	885	
103	0	30677	844	
104	0	30688	870	
105	0	30660	897	
106	0	30616	856	
107	0	30575	885	
108	0	30572	839	
109	0	30596	869	
110	0	30665	842	
111	0	30727	867	
112	0	30757	843	
113	0	30745	880	
114	0	30708	893	
115	0	30670	847	
116	0	30652	877	
117	0	30676	839	
118	0	30740	872	
119	0	30798	843	
120	0	30853	861	
121	0	30863	898	
122	0	30845	873	
123	0	30807	895	
124	0	30789	865	
125	0	30813	894	
126	0	30864	858	
127	0	30944	892	
128	0	31008	844	
129	0	31028	890	
130	0	31026	858	
131	0	30992	895	
132	0	30961	857	
133	0	30976	891	
134	0	31012	841	
135	0	31087	869	
136	0	31164	841	
137	0	31207	865	
138	0	31208	887	
139	0	31184	838	
140	0	31158	869	
141	0	31156	892	
142	0	31192	843	
143	0	31258	864	
144	0	31332	894	
145	0	31389	845	
146	0	31416	873	
147	0	31404	841	
148	0	31376	869	
149	0	31364	886	
150	0	31388	841	
151	0	31447	866	
152	0	31530	838	
153	0	31604	871	
154	0	31641	837	
155	0	31644	871	
156	0	31604	839	
157	0	31588	868	
158	0	31598	838	
159	0	31649	865	
160	0	31726	942	
161	0	31796	881	
162	0	31860	893	
163	0	31856	845	
164	0	31832	872	
165	0	31812	837	
166	0	31792	866	
167	0	31832	843	
168	0	31908	858	
169	0	31978	919	
170	0	32040	870	
171	0	32066	915	
172	0	32036	869	
173	0	32008	894	
174	0	31992	845	
175	0	32006	886	
176	0	32069	839	
177	0	32145	868	
178	0	32220	906	
179	0	32252	867	
180	0	32240	885	
181	0	32216	839	
182	0	32182	858	
183	0	32188	894	
184	0	32236	840	
185	0	32322	882	
186	0	32396	848	
187	0	32437	884	
188	0	32444	840	
189	0	32415	875	
190	0	32372	841	
191	0	32370	872	
192	0	32396	837	
193	0	32479	870	
194	0	32551	837	
195	0	32608	868	
196	0	32628	839	
197	0	32612	859	
198	0	32576	841	
199	0	32554	874	
200	0	32581	839	
201	0	32632	865	
202	0	32714	924	
203	0	32774	878	
204	0	32813	888	
205	0	32800	840	
206	0	32764	876	
207	0	32732	837	
208	0	32740	881	
209	0	32773	890	
210	0	32840	840	
211	0	32909	873	
212	0	32953	842	
213	0	32949	881	
214	0	32912	890	
215	0	32877	847	
216	0	32862	883	
217	0	32882	843	
218	0	32940	880	
219	0	33012	837	
220	0	33056	859	
221	0	33066	919	
222	0	33037	865	
223	0	32989	942	
224	0	32952	883	
225	0	32958	892	
226	0	32998	852	
227	0	33062	889	
228	0	33120	839	
229	0	33144	872	
230	0	33122	891	
231	0	33068	842	
232	0	33023	876	
233	0	33012	838	
234	0	33047	864	
235	0	33100	906	
236	0	33153	870	
237	0	33196	889	
238	0	33180	841	
239	0	33132	878	
240	0	33088	841	
241	0	33068	875	
242	0	33076	841	
243	0	33121	857	
244	0	33180	941	
245	0	33220	882	
246	0	33225	892	
247	0	33188	851	
248	0	33132	878	
249	0	33098	842	
250	0	33096	880	
251	0	33125	892	
252	0	33188	852	
253	0	33225	890	
254	0	33244	853	
255	0	33216	889	
256	0	33167	841	
257	0	33124	877	
258	0	33101	840	
259	0	33124	866	
260	0	33168	838	
261	0	33228	882	
262	0	33253	934	
263	0	33244	878	
264	0	33194	891	
265	0	33144	862	
266	0	33110	894	
267	0	33124	879	
268	0	33172	898	
269	0	33225	876	
270	0	33265	894	
271	0	33276	843	
272	0	33246	869	
273	0	33186	841	
274	0	33150	880	
275	0	33144	897	
276	0	33173	856	
277	0	33239	884	
278	0	33292	838	
279	0	33316	877	
280	0	33288	837	
281	0	33242	865	
282	0	33204	901	
283	0	33193	879	
284	0	33216	893	
285	0	33252	843	
286	0	33320	882	
287	0	33350	840	
288	0	33341	881	
289	0	33296	841	
290	0	33252	865	
291	0	33220	937	
292	0	33230	869	
293	0	33277	889	
294	0	33332	845	
295	0	33376	870	
296	0	33376	843	
297	0	33341	875	
298	0	33294	893	
299	0	33237	841	
300	0	33238	867	
301	0	33269	844	
302	0	33318	860	
303	0	33369	935	
304	0	33388	878	
305	0	33360	892	
306	0	33300	839	
307	0	33252	877	
308	0	33236	837	
309	0	33250	865	
310	0	33298	838	
311	0	33348	861	
312	0	33368	875	
313	0	33359	845	
314	0	33312	880	
315	0	33248	886	
316	0	33205	840	
317	0	33213	863	
318	0	33252	894	
319	0	33310	837	
320	0	33333	874	
321	0	33332	883	
322	0	33296	836	
323	0	33234	859	
324	0	33188	875	
325	0	33180	839	
326	0	33196	880	
327	0	33248	888	
328	0	33292	843	
329	0	33296	884	
330	0	33256	841	
331	0	33204	881	
332	0	33149	838	
333	0	33116	861	
334	0	33132	841	
335	0	33176	865	
336	0	33228	842	
337	0	33246	883	
338	0	33228	890	
339	0	33175	855	
340	0	33125	875	
341	0	33080	836	
342	0	33084	869	
343	0	33134	877	
344	0	33184	839	
345	0	33230	871	
346	0	33220	869	
347	0	33183	837	
348	0	33114	874	
349	0	33072	891	
350	0	33069	840	
351	0	33096	874	
352	0	33149	839	
353	0	33185	882	
354	0	33192	889	
355	0	33172	839	
356	0	33111	873	
357	0	33061	837	
358	0	33030	878	
359	0	33040	924	
360	0	33092	858	
361	0	33137	836	
362	0	33158	855	
363	0	33148	938	
364	0	33100	878	
365	0	33050	884	
366	0	33004	835	
367	0	33009	859	
368	0	33045	908	
369	0	33101	875	
370	0	33132	889	
371	0	33136	844	
372	0	33104	869	
373	0	33054	837	
374	0	33004	879	
375	0	32985	883	
376	0	33020	837	
377	0	33076	862	
378	0	33132	902	
379	0	33149	869	
380	0	33122	888	
381	0	33076	835	
382	0	33028	861	
383	0	33004	905	
384	0	33025	855	
385	0	33076	882	
386	0	33137	837	
387	0	33176	860	
388	0	33161	889	
389	0	33117	838	
390	0	33076	859	
391	0	33039	894	
392	0	33044	851	
393	0	33090	879	
394	0	33148	838	
395	0	33196	865	
396	0	33197	901	
397	0	33173	860	
398	0	33115	882	
399	0	33077	839	
400	0	33068	874	
401	0	33088	838	
402	0	33145	867	
403	0	33192	838	
404	0	33209	858	
405	0	33189	894	
406	0	33144	882	
407	0	33093	890	
408	0	33053	844	
409	0	33074	882	
410	0	33116	837	
411	0	33172	865	
412	0	33201	838	
413	0	33188	859	
414	0	33148	941	
415	0	33090	878	
416	0	33041	887	
417	0	33039	843	
418	0	33080	867	
419	0	33135	838	
420	0	33173	872	
421	0	33168	874	
422	0	33132	928	
423	0	33074	845	
424	0	33020	866	
425	0	33008	837	
426	0	33038	873	
427	0	33080	885	
428	0	33129	837	
429	0	33152	872	
430	0	33124	835	
431	0	33076	862	
432	0	33024	837	
433	0	32990	858	
434	0	33005	837	
435	0	33047	877	
436	0	33092	936	
437	0	33133	870	
438	0	33129	885	
439	0	33073	836	
440	0	33024	875	
441	0	32986	837	
442	0	32980	864	
443	0	33018	836	
444	0	33080	878	
445	0	33118	887	
446	0	33125	838	
447	0	33093	872	
448	0	33048	866	
449	0	32990	887	
450	0	32983	836	
451	0	33006	862	
452	0	33068	891	
453	0	33126	837	
454	0	33135	860	
455	0	33125	835	
456	0	33088	870	
457	0	33032	890	
458	0	33001	839	
459	0	33024	865	
460	0	33072	898	
461	0	33125	836	
462	0	33156	867	
463	0	33156	893	
464	0	33111	856	
465	0	33060	879	
466	0	33028	834	
467	0	33028	862	
468	0	33072	930	
469	0	33124	859	
470	0	33169	881	
471	0	33181	836	
472	0	33152	857	
473	0	33102	887	
474	0	33060	834	
475	0	33054	859	
476	0	33080	937	
477	0	33135	878	
478	0	33177	909	
479	0	33212	857	
480	0	33188	881	
481	0	33134	833	
482	0	33086	868	
483	0	33060	894	
484	0	33068	848	
485	0	33113	876	
486	0	33160	836	
487	0	33188	856	
488	0	33192	886	
489	0	33141	837	
490	0	33092	867	
491	0	33044	834	
492	0	33040	878	
493	0	33075	888	
494	0	33124	845	
495	0	33156	883	
496	0	33160	831	
497	0	33124	852	
498	0	33069	887	
499	0	33005	842	
500	0	32989	872	
501	0	33002	835	
502	0	33060	878	
503	0	33084	890	
504	0	33105	842	
505	0	33084	874	
506	0	33028	834	
507	0	32964	857	
508	0	32934	836	
509	0	32937	864	
510	0	32973	833	
511	0	33012	858	
512	0	33048	901	
513	0	33036	866	
514	0	32988	882	
515	0	32932	836	
516	0	32879	853	
517	0	32872	901	
518	0	32898	854	
519	0	32933	879	
520	0	32977	835	
521	0	32984	873	
522	0	32945	868	
523	0	32885	837	
524	0	32823	865	
525	0	32800	884	
526	0	32806	834	
527	0	32847	863	
528	0	32892	932	
529	0	32905	869	
530	0	32887	888	
531	0	32833	837	
532	0	32764	871	
533	0	32736	833	
534	0	32732	852	
535	0	32768	888	
536	0	32814	837	
537	0	32841	868	
538	0	32832	837	
539	0	32792	870	
540	0	32717	881	
541	0	32678	835	
542	0	32657	865	
543	0	32692	837	
544	0	32732	876	
545	0	32775	883	
546	0	32774	838	
547	0	32744	871	
548	0	32679	920	
549	0	32613	852	
550	0	32588	875	
551	0	32608	835	
552	0	32651	876	
553	0	32687	885	
554	0	32700	839	
555	0	32684	862	
556	0	32626	906	
557	0	32552	844	
558	0	32510	868	
559	0	32522	841	
560	0	32548	857	
561	0	32589	880	
562	0	32616	834	
563	0	32604	881	
564	0	32549	893	
565	0	32477	842	
566	0	32436	861	
567	0	32412	888	
568	0	32425	841	
569	0	32464	874	
570	0	32495	837	
571	0	32501	857	
572	0	32465	895	
573	0	32396	856	
574	0	32340	880	
575	0	32308	835	
576	0	32312	876	
577	0	32340	879	
578	0	32374	838	
579	0	32390	862	
580	0	32365	885	
581	0	32309	840	
582	0	32228	859	
583	0	32185	895	
584	0	32180	844	
585	0	32201	875	
586	0	32240	837	
587	0	32260	879	
588	0	32244	885	
589	0	32191	841	
590	0	32125	866	
591	0	32066	892	
592	0	32041	842	
593	0	32057	863	
594	0	32087	921	
595	0	32113	877	
596	0	32111	886	
597	0	32064	839	
598	0	32001	862	
599	0	31932	890	
600	0	31889	839	
601	0	31889	867	
602	0	31924	898	
603	0	31950	839	
604	0	31957	863	
605	0	31921	899	
606	0	31856	867	
607	0	31788	880	
608	0	31724	837	
609	0	31716	860	
610	0	31732	837	
611	0	31756	880	
612	0	31788	884	
613	0	31753	839	
614	0	31701	857	
615	0	31621	890	
616	0	31561	864	
617	0	31529	888	
618	0	31543	857	
619	0	31572	884	
620	0	31604	840	
621	0	31596	880	
622	0	31564	837	
623	0	31501	856	
624	0	31436	902	
625	0	31397	843	
626	0	31393	878	
627	0	31428	837	
628	0	31470	866	
629	0	31472	913	
630	0	31456	844	
631	0	31396	878	
632	0	31336	839	
633	0	31288	875	
634	0	31268	883	
635	0	31300	836	
636	0	31342	875	
637	0	31368	885	
638	0	31352	837	
639	0	31308	878	
640	0	31238	880	
641	0	31172	836	
642	0	31156	857	
643	0	31170	882	
644	0	31194	838	
645	0	31237	854	
646	0	31239	889	
647	0	31201	840	
648	0	31140	876	
649	0	31076	838	
650	0	31029	857	
651	0	31036	886	
652	0	31068	842	
653	0	31105	867	
654	0	31126	895	
655	0	31095	850	
656	0	31044	880	
657	0	30980	833	
658	0	30940	862	
659	0	30924	934	
660	0	30949	854	
661	0	30997	876	
662	0	31018	837	
663	0	31020	878	
664	0	30972	886	
665	0	30916	835	
666	0	30856	880	
667	0	30837	888	
668	0	30852	837	
669	0	30900	868	
670	0	30924	842	
671	0	30938	879	
672	0	30912	872	
673	0	30848	939	
674	0	30778	851	
675	0	30740	878	
676	0	30748	838	
677	0	30786	876	
678	0	30820	881	
679	0	30840	837	
680	0	30820	857	
681	0	30768	889	
682	0	30713	850	
683	0	30656	878	
684	0	30649	837	
685	0	30677	881	
686	0	30724	883	
687	0	30764	837	
688	0	30756	864	
689	0	30716	870	
690	0	30657	898	
691	0	30604	838	
692	0	30581	859	
693	0	30600	886	
694	0	30650	842	
695	0	30692	859	
696	0	30701	888	
697	0	30688	837	
698	0	30628	866	
699	0	30577	899	
700	0	30556	843	
701	0	30560	863	
702	0	30604	890	
703	0	30656	838	
704	0	30688	879	
705	0	30672	886	
706	0	30630	839	
707	0	30568	871	
708	0	30528	873	
709	0	30525	917	
710	0	30559	848	
711	0	30617	864	
712	0	30660	894	
713	0	30656	840	
714	0	30626	859	
715	0	30564	875	
716	0	30524	840	
717	0	30504	878	
718	0	30524	886	
719	0	30577	840	
720	0	30618	842	
721	0	30644	860	
722	0	30602	892	
723	0	30564	839	
724	0	30506	862	
725	0	30476	890	
726	0	30491	839	
727	0	30532	857	
728	0	30584	882	
729	0	30612	843	
730	0	30598	843	
731	0	30569	867	
732	0	30513	893	
733	0	30472	850	
734	0	30464	880	
735	0	30504	838	
736	0	30552	863	
737	0	30589	892	
738	0	30605	841	
739	0	30568	868	
740	0	30504	895	
741	0	30467	851	
742	0	30444	864	
743	0	30476	908	
744	0	30518	857	
745	0	30570	889	
746	0	30597	844	
747	0	30582	887	
748	0	30537	838	
749	0	30476	867	
750	0	30452	838	
751	0	30464	874	
752	0	30508	889	
753	0	30560	842	
754	0	30596	871	
755	0	30586	896	
756	0	30550	882	
757	0	30489	841	
758	0	30462	841	
759	0	30452	888	
760	0	30492	885	
761	0	30537	873	
762	0	30572	863	
763	0	30581	875	
764	0	30566	852	
765	0	30516	839	
766	0	30460	841	
767	0	30448	843	
768	0	30458	927	
769	0	30508	887	
770	0	30558	881	
771	0	30580	868	
772	0	30569	878	
773	0	30521	840	
774	0	30470	837	
775	0	30445	842	
776	0	30452	837	
777	0	30500	939	
778	0	30558	889	
779	0	30590	881	
780	0	30584	873	
781	0	30556	882	
782	0	30502	841	
783	0	30472	839	
784	0	30464	878	
785	0	30508	879	
786	0	30566	841	
787	0	30609	890	
788	0	30615	869	
789	0	30599	873	
790	0	30548	837	
791	0	30494	891	
792	0	30484	868	
793	0	30510	847	
794	0	30564	842	
795	0	30624	893	
796	0	30648	874	
797	0	30633	877	
798	0	30591	840	
799	0	30541	893	
800	0	30529	869	
801	0	30537	880	
802	0	30588	839	
803	0	30652	940	
804	0	30697	877	
805	0	30697	860	
806	0	30660	855	
807	0	30606	837	
808	0	30576	843	
809	0	30577	885	
810	0	30622	862	
811	0	30688	879	
812	0	30732	841	
813	0	30746	891	
814	0	30716	886	
815	0	30664	866	
816	0	30620	857	
817	0	30604	857	
818	0	30644	841	
819	0	30685	908	
820	0	30748	883	
821	0	30772	861	
822	0	30749	851	
823	0	30709	838	
824	0	30646	892	
825	0	30622	877	
826	0	30644	861	
827	0	30688	869	
828	0	30740	838	
829	0	30773	888	
830	0	30774	862	
831	0	30724	855	
832	0	30660	838	
833	0	30624	887	
834	0	30632	881	
835	0	30673	840	
836	0	30716	891	
837	0	30764	867	
838	0	30772	851	
839	0	30736	841	
840	0	30668	839	
841	0	30616	893	
842	0	30605	866	
843	0	30636	874	
844	0	30684	839	
845	0	30728	899	
846	0	30750	872	
847	0	30721	858	
848	0	30672	847	
849	0	30616	839	
850	0	30577	890	
851	0	30592	869	
852	0	30638	873	
853	0	30685	838	
854	0	30714	839	
855	0	30696	884	
856	0	30646	858	
857	0	30593	847	
858	0	30557	844	
859	0	30542	874	
860	0	30575	849	
861	0	30625	843	
862	0	30665	875	
863	0	30668	876	
864	0	30628	837	
865	0	30565	891	
866	0	30524	875	
867	0	30504	835	
868	0	30532	893	
869	0	30577	866	
870	0	30609	844	
871	0	30624	927	
872	0	30607	874	
873	0	30542	860	
874	0	30492	839	
875	0	30447	893	
876	0	30464	879	
877	0	30502	868	
878	0	30556	858	
879	0	30577	858	
880	0	30565	839	
881	0	30514	841	
882	0	30458	882	
883	0	30420	854	
884	0	30417	838	
885	0	30442	922	
886	0	30496	874	
887	0	30526	874	
888	0	30532	840	
889	0	30488	875	
890	0	30425	864	
891	0	30380	838	
892	0	30364	872	
893	0	30373	842	
894	0	30426	888	
895	0	30470	864	
896	0	30485	836	
897	0	30453	882	
898	0	30402	860	
899	0	30337	837	
900	0	30304	891	
901	0	30312	870	
902	0	30349	880	
903	0	30390	841	
904	0	30416	894	
905	0	30404	866	
906	0	30350	845	
907	0	30293	846	
908	0	30246	883	
909	0	30238	856	
910	0	30265	850	
911	0	30313	836	
912	0	30356	889	
913	0	30364	868	
914	0	30312	854	
915	0	30248	840	
916	0	30208	884	
917	0	30184	861	
918	0	30220	850	
919	0	30261	839	
920	0	30321	881	
921	0	30336	857	
922	0	30301	837	
923	0	30265	840	
924	0	30209	880	
925	0	30188	858	
926	0	30202	839	
927	0	30254	896	
928	0	30313	872	
929	0	30356	883	
930	0	30340	843	
931	0	30310	841	
932	0	30264	889	
933	0	30231	869	
934	0	30240	879	
935	0	30285	837	
936	0	30356	842	
937	0	30400	892	
938	0	30410	877	
939	0	30382	859	
940	0	30341	846	
941	0	30300	838	
942	0	30286	890	
943	0	30321	876	
944	0	30377	859	
945	0	30448	855	
946	0	30476	845	
947	0	30440	895	
948	0	30401	870	
949	0	30360	840	
950	0	30341	842	
951	0	30357	881	
952	0	30414	877	
953	0	30472	838	
954	0	30517	907	
955	0	30516	888	
956	0	30476	866	
957	0	30420	876	
958	0	30380	845	
959	0	30395	843	
960	0	30432	932	
961	0	30500	886	
962	0	30556	862	
963	0	30568	850	
964	0	30548	842	
965	0	30497	838	
966	0	30470	894	
967	0	30468	883	
968	0	30508	865	
969	0	30572	846	
970	0	30629	845	
971	0	30673	891	
972	0	30664	873	
973	0	30629	865	
974	0	30598	879	
975	0	30596	845	
976	0	30641	844	
977	0	30708	859	
978	0	30785	891	
979	0	30830	870	
980	0	30852	861	
981	0	30836	845	
982	0	30806	839	
983	0	30800	846	
984	0	30830	894	
985	0	30908	877	
986	0	30988	860	
987	0	31064	860	
988	0	31100	839	
989	0	31089	924	
990	0	31068	892	
991	0	31052	867	
992	0	31072	869	
993	0	31138	842	
994	0	31221	899	
995	0	31311	868	
996	0	31344	858	
997	0	31364	840	
998	0	31352	890	
999	0	31329	868	
1000	0	31344	891	
1001	0	31385	850	
1002	0	31459	841	
1003	0	31540	890	
1004	0	31588	864	
1005	0	31620	846	
1006	0	31605	904	
1007	0	31580	874	
1008	0	31572	885	
1009	0	31612	842	
1010	0	31677	841	
1011	0	31756	892	
1012	0	31824	873	
1013	0	31861	877	
1014	0	31859	841	
1015	0	31833	841	
1016	0	31820	891	
1017	0	31840	867	
1018	0	31900	859	
1019	0	31972	841	
1020	0	32052	895	
1021	0	32094	871	
1022	0	32098	883	
1023	0	32076	842	
1024	0	32048	930	
1025	0	32049	891	
1026	0	32094	876	
1027	0	32164	859	
1028	0	32236	850	
1029	0	32301	837	
1030	0	32318	894	
1031	0	32308	883	
1032	0	32276	883	
1033	0	32258	842	
1034	0	32280	838	
1035	0	32349	888	
1036	0	32436	868	
1037	0	32492	849	
1038	0	32520	839	
1039	0	32516	892	
1040	0	32476	866	
1041	0	32452	882	
1042	0	32463	841	
1043	0	32517	838	
1044	0	32596	891	
1045	0	32672	866	
1046	0	32716	857	
1047	0	32704	840	
1048	0	32676	927	
1049	0	32649	880	
1050	0	32648	880	
1051	0	32685	837	
1052	0	32764	891	
1053	0	32836	881	
1054	0	32881	860	
1055	0	32886	870	
1056	0	32861	840	
1057	0	32824	912	
1058	0	32812	881	
1059	0	32836	862	
1060	0	32902	840	
1061	0	32975	879	
1062	0	33036	881	
1063	0	33062	838	
1064	0	33052	889	
1065	0	33017	869	
1066	0	32991	867	
1067	0	33000	836	
1068	0	33053	892	
1069	0	33140	877	
1070	0	33212	878	
1071	0	33252	849	
1072	0	33252	929	
1073	0	33220	875	
1074	0	33184	870	
1075	0	33186	839	
1076	0	33236	892	
1077	0	33293	868	
1078	0	33375	867	
1079	0	33428	838	
1080	0	33433	875	
1081	0	33404	884	
1082	0	33364	839	
1083	0	33361	894	
1084	0	33380	881	
1085	0	33428	885	
1086	0	33504	839	
1087	0	33556	896	
1088	0	33575	885	
1089	0	33564	863	
1090	0	33524	858	
1091	0	33496	838	
1092	0	33498	892	
1093	0	33550	865	
1094	0	33608	843	
1095	0	33669	926	
1096	0	33700	887	
1097	0	33692	881	
1098	0	33660	841	
1099	0	33614	890	
1100	0	33604	883	
1101	0	33641	838	
1102	0	33701	888	
1103	0	33761	885	
1104	0	33800	844	
1105	0	33810	881	
1106	0	33773	877	
1107	0	33740	842	
1108	0	33708	892	
1109	0	33728	866	
1110	0	33778	855	
1111	0	33848	841	
1112	0	33892	896	
1113	0	33908	877	
1114	0	33877	861	
1115	0	33845	843	
1116	0	33808	883	
1117	0	33812	875	
1118	0	33850	841	
1119	0	33909	909	
1120	0	33969	885	
1121	0	34000	876	
1122	0	33989	841	
1123	0	33947	890	
1124	0	33909	884	
1125	0	33900	840	
1126	0	33926	898	
1127	0	33980	877	
1128	0	34044	871	
1129	0	34078	846	
1130	0	34087	898	
1131	0	34046	879	
1132	0	34015	867	
1133	0	33984	839	
1134	0	33996	888	
1135	0	34042	861	
1136	0	34116	844	
1137	0	34174	895	
1138	0	34176	880	
1139	0	34159	882	
1140	0	34121	842	
1141	0	34072	892	
1142	0	34073	862	
1143	0	34112	841	
1144	0	34168	899	
1145	0	34230	869	
1146	0	34256	869	
1147	0	34240	843	
1148	0	34204	889	
1149	0	34158	877	
1150	0	34144	844	
1151	0	34164	843	
1152	0	34214	894	
1153	0	34265	871	
1154	0	34308	858	
1155	0	34305	844	
1156	0	34264	897	
1157	0	34220	869	
1158	0	34181	879	
1159	0	34181	845	
1160	0	34217	839	
1161	0	34276	902	
1162	0	34316	892	
1163	0	34328	869	
1164	0	34292	870	
1165	0	34232	844	
1166	0	34200	895	
1167	0	34180	869	
1168	0	34212	854	
1169	0	34266	845	
1170	0	34309	890	
1171	0	34332	866	
1172	0	34297	848	
1173	0	34244	918	
1174	0	34192	868	
1175	0	34165	845	
1176	0	34181	892	
1177	0	34220	865	
1178	0	34260	841	
1179	0	34285	893	
1180	0	34279	889	
1181	0	34228	841	
1182	0	34169	894	
1183	0	34128	885	
1184	0	34136	840	
1185	0	34168	899	
1186	0	34220	883	
1187	0	34252	885	
1188	0	34249	838	
1189	0	34214	897	
1190	0	34160	879	
1191	0	34108	860	
1192	0	34094	851	
1193	0	34119	841	
1194	0	34172	896	
1195	0	34220	874	
1196	0	34228	882	
1197	0	34196	845	
1198	0	34150	847	
1199	0	34085	893	
1200	0	34068	871	
1201	0	34076	877	
1202	0	34124	841	
1203	0	34170	937	
1204	0	34194	881	
1205	0	34173	860	
1206	0	34128	850	
1207	0	34072	844	
1208	0	34030	892	
1209	0	34030	865	
1210	0	34068	845	
1211	0	34120	840	
1212	0	34161	898	
1213	0	34156	876	
1214	0	34116	854	
1215	0	34057	844	
1216	0	34014	880	
1217	0	34012	871	
1218	0	34036	838	
1219	0	34077	916	
1220	0	34116	893	
1221	0	34132	874	
1222	0	34108	868	
1223	0	34056	840	
1224	0	34004	896	
1225	0	33974	888	
1226	0	33998	883	
1227	0	34037	841	
1228	0	34086	935	
1229	0	34105	877	
1230	0	34097	847	
1231	0	34044	847	
1232	0	33989	895	
1233	0	33956	881	
1234	0	33944	885	
1235	0	33988	848	
1236	0	34033	845	
1237	0	34072	893	
1238	0	34072	874	
1239	0	34034	863	
1240	0	33980	842	
1241	0	33929	924	
1242	0	33916	887	
1243	0	33934	864	
1244	0	33972	854	
1245	0	34020	838	
1246	0	34040	901	
1247	0	34004	875	
1248	0	33953	882	
1249	0	33894	842	
1250	0	33868	895	
1251	0	33892	867	
1252	0	33929	850	
1253	0	33982	907	
1254	0	34004	883	
1255	0	33985	884	
1256	0	33949	840	
1257	0	33891	930	
1258	0	33856	885	
1259	0	33857	888	
1260	0	33892	843	
1261	0	33940	842	
1262	0	33972	890	
1263	0	33967	869	
1264	0	33925	866	
1265	0	33870	842	
1266	0	33828	844	
1267	0	33816	894	
1268	0	33840	870	
1269	0	33876	847	
1270	0	33917	917	
1271	0	33936	879	
1272	0	33904	873	
1273	0	33854	839	
1274	0	33796	931	
1275	0	33776	886	
1276	0	33777	878	
1277	0	33824	842	
1278	0	33862	906	
1279	0	33893	879	
1280	0	33876	874	
1281	0	33827	868	
1282	0	33772	843	
1283	0	33736	845	
1284	0	33729	894	
1285	0	33764	876	
1286	0	33820	881	
1287	0	33842	870	
1288	0	33834	844	
1289	0	33796	900	
1290	0	33737	873	
1291	0	33688	879	
1292	0	33678	844	
1293	0	33712	842	
1294	0	33760	903	
1295	0	33804	890	
1296	0	33826	861	
1297	0	33795	865	
1298	0	33736	841	
1299	0	33684	840	
1300	0	33664	894	
1301	0	33684	877	
1302	0	33735	888	
1303	0	33788	840	
1304	0	33826	843	
1305	0	33806	883	
1306	0	33756	860	
1307	0	33692	862	
1308	0	33664	839	
1309	0	33671	893	
1310	0	33708	882	
1311	0	33760	870	
1312	0	33793	886	
1313	0	33793	851	
1314	0	33753	838	
1315	0	33696	917	
1316	0	33640	899	
1317	0	33630	889	
1318	0	33649	870	
1319	0	33694	863	
1320	0	33732	867	
1321	0	33749	843	
1322	0	33716	899	
1323	0	33653	893	
1324	0	33600	892	
1325	0	33564	868	
1326	0	33569	867	
1327	0	33602	842	
1328	0	33644	839	
1329	0	33657	897	
1330	0	33628	889	
1331	0	33572	884	
1332	0	33498	876	
1333	0	33444	866	
1334	0	33437	878	
1335	0	33465	847	
1336	0	33512	840	
1337	0	33540	845	
1338	0	33524	892	
1339	0	33488	870	
1340	0	33428	880	
1341	0	33365	865	
1342	0	33349	843	
1343	0	33372	837	
1344	0	33413	841	
1345	0	33448	916	
1346	0	33449	891	
1347	0	33414	880	
1348	0	33344	874	
1349	0	33272	865	
1350	0	33245	860	
1351	0	33252	875	
1352	0	33292	861	
1353	0	33330	846	
1354	0	33356	846	
1355	0	33325	842	
1356	0	33270	842	
1357	0	33208	900	
1358	0	33164	892	
1359	0	33166	883	
1360	0	33191	875	
1361	0	33232	872	
1362	0	33257	868	
1363	0	33244	861	
1364	0	33191	879	
1365	0	33124	861	
1366	0	33056	852	
1367	0	33040	842	
1368	0	33060	838	
1369	0	33100	842	
1370	0	33144	945	
1371	0	33136	901	
1372	0	33100	894	
1373	0	33036	892	
1374	0	32977	895	
1375	0	32948	892	
1376	0	32960	890	
1377	0	33000	882	
1378	0	33052	868	
1379	0	33066	863	
1380	0	33042	882	
1381	0	32980	872	
1382	0	32921	844	
1383	0	32876	839	
1384	0	32873	842	
1385	0	32905	839	
1386	0	32956	841	
1387	0	32984	842	
1388	0	32972	923	
1389	0	32928	900	
1390	0	32876	890	
1391	0	32820	873	
1392	0	32796	877	
1393	0	32826	868	
1394	0	32864	868	
1395	0	32903	885	
1396	0	32913	877	
1397	0	32873	881	
1398	0	32812	857	
1399	0	32748	845	
1400	0	32728	843	
1401	0	32740	843	
1402	0	32775	839	
1403	0	32817	842	
1404	0	32840	842	
1405	0	32820	838	
1406	0	32760	840	
1407	0	32702	897	
1408	0	32652	890	
1409	0	32667	875	
1410	0	32696	861	
1411	0	32736	885	
1412	0	32776	873	
1413	0	32764	852	
1414	0	32720	843	
1415	0	32655	840	
1416	0	32608	901	
1417	0	32596	898	
1418	0	32628	890	
1419	0	32680	874	
1420	0	32713	866	
1421	0	32726	861	
1422	0	32700	888	
1423	0	32630	885	
1424	0	32585	868	
1425	0	32556	854	
1426	0	32577	840	
1427	0	32616	897	
1428	0	32668	886	
1429	0	32676	884	
1430	0	32657	871	
1431	0	32602	888	
1432	0	32537	852	
1433	0	32496	842	
1434	0	32512	894	
1435	0	32548	885	
1436	0	32604	867	
1437	0	32630	855	
1438	0	32628	844	
1439	0	32568	903	
1440	0	32505	885	
1441	0	32454	872	
1442	0	32448	887	
1443	0	32480	847	
1444	0	32533	842	
1445	0	32574	938	
1446	0	32584	895	
1447	0	32545	881	
1448	0	32485	866	
1449	0	32440	870	
1450	0	32414	847	
1451	0	32431	845	
1452	0	32472	844	
1453	0	32519	846	
1454	0	32544	937	
1455	0	32512	896	
1456	0	32455	883	
1457	0	32393	872	
1458	0	32353	863	
1459	0	32350	891	
1460	0	32382	875	
1461	0	32425	848	
1462	0	32460	848	
1463	0	32445	891	
1464	0	32398	864	
1465	0	32335	856	
1466	0	32293	843	
1467	0	32284	849	
1468	0	32310	897	
1469	0	32348	889	
1470	0	32388	878	
1471	0	32380	864	
1472	0	32344	848	
1473	0	32290	841	
1474	0	32228	842	
1475	0	32218	885	
1476	0	32216	892	
1477	0	32260	842	
1478	0	32310	867	
1479	0	32328	921	
1480	0	32306	870	
1481	0	32240	879	
1482	0	32188	899	
1483	0	32156	850	
1484	0	32154	871	
1485	0	32197	897	
1486	0	32252	846	
1487	0	32281	866	
1488	0	32269	928	
1489	0	32228	853	
1490	0	32164	877	
1491	0	32118	849	
1492	0	32113	862	
1493	0	32141	883	
1494	0	32188	839	
1495	0	32235	886	
1496	0	32253	894	
1497	0	32220	840	
1498	0	32157	881	
1499	0	32104	883	
1500	0	32093	843	
1501	0	32104	851	
1502	0	32148	863	
1503	0	32196	890	
1504	0	32216	844	
1505	0	32196	851	
1506	0	32140	911	
1507	0	32084	889	
1508	0	32045	886	
1509	0	32044	842	
1510	0	32074	844	
1511	0	32120	847	
1512	0	32149	895	
1513	0	32134	890	
1514	0	32092	882	
1515	0	32028	863	
1516	0	31969	847	
1517	0	31962	846	
1518	0	31980	894	
1519	0	32020	873	
1520	0	32064	877	
1521	0	32068	849	
1522	0	32032	842	
1523	0	31973	844	
1524	0	31916	900	
1525	0	31884	892	
1526	0	31900	878	
1527	0	31942	862	
1528	0	31980	865	
1529	0	31989	840	
1530	0	31965	843	
1531	0	31921	897	
1532	0	31857	882	
1533	0	31816	860	
1534	0	31829	861	
1535	0	31860	840	
1536	0	31908	841	
1537	0	31940	896	
1538	0	31924	879	
1539	0	31892	863	
1540	0	31826	857	
1541	0	31784	842	
1542	0	31780	893	
1543	0	31805	874	
1544	0	31845	873	
1545	0	31901	860	
1546	0	31908	842	
1547	0	31872	903	
1548	0	31812	889	
1549	0	31756	881	
1550	0	31718	854	
1551	0	31733	843	
1552	0	31781	844	
1553	0	31832	894	
1554	0	31852	876	
1555	0	31823	886	
1556	0	31757	839	
1557	0	31705	842	
1558	0	31658	892	
1559	0	31658	870	
1560	0	31688	874	
1561	0	31740	841	
1562	0	31767	945	
1563	0	31752	892	
1564	0	31696	875	
1565	0	31639	888	
1566	0	31580	841	
1567	0	31560	894	
1568	0	31586	867	
1569	0	31632	851	
1570	0	31668	841	
1571	0	31655	886	
1572	0	31615	863	
1573	0	31552	858	
1574	0	31494	841	
1575	0	31467	894	
1576	0	31479	874	
1577	0	31520	853	
1578	0	31559	844	
1579	0	31572	846	
1580	0	31550	887	
1581	0	31488	884	
1582	0	31423	841	
1583	0	31390	943	
1584	0	31396	888	
1585	0	31424	868	
1586	0	31474	862	
1587	0	31502	838	
1588	0	31492	894	
1589	0	31446	869	
1590	0	31391	870	
1591	0	31344	847	
1592	0	31336	842	
1593	0	31356	895	
1594	0	31409	874	
1595	0	31446	873	
1596	0	31454	839	
1597	0	31412	896	
1598	0	31353	883	
1599	0	31292	885	
1600	0	31260	844	
1601	0	31284	903	
1602	0	31333	870	
1603	0	31374	842	
1604	0	31390	895	
1605	0	31364	865	
1606	0	31308	842	
1607	0	31256	894	
1608	0	31204	863	
1609	0	31216	849	
1610	0	31249	841	
1611	0	31293	894	
1612	0	31322	880	
1613	0	31304	867	
1614	0	31260	842	
1615	0	31189	892	
1616	0	31136	869	
1617	0	31128	871	
1618	0	31153	839	
1619	0	31196	902	
1620	0	31229	884	
1621	0	31228	860	
1622	0	31192	852	
1623	0	31136	842	
1624	0	31073	893	
1625	0	31061	873	
1626	0	31076	869	
1627	0	31117	841	
1628	0	31152	890	
1629	0	31174	865	
1630	0	31150	869	
1631	0	31096	853	
1632	0	31041	842	
1633	0	31002	941	
1634	0	30996	891	
1635	0	31036	878	
1636	0	31084	885	
1637	0	31120	858	
1638	0	31108	841	
1639	0	31061	899	
1640	0	30999	883	
1641	0	30953	862	
1642	0	30944	862	
1643	0	30988	840	
1644	0	31036	899	
1645	0	31068	883	
1646	0	31068	863	
1647	0	31049	859	
1648	0	30985	838	
1649	0	30936	841	
1650	0	30920	889	
1651	0	30954	867	
1652	0	31000	864	
1653	0	31040	839	
1654	0	31064	891	
1655	0	31045	879	
1656	0	31000	885	
1657	0	30954	852	
1658	0	30914	839	
1659	0	30922	934	
1660	0	30964	887	
1661	0	31012	877	
1662	0	31048	842	
1663	0	31048	896	
1664	0	31006	885	
1665	0	30948	867	
1666	0	30906	863	
1667	0	30908	866	
1668	0	30933	843	
1669	0	30984	842	
1670	0	31022	894	
1671	0	31026	895	
1672	0	31005	886	
1673	0	30952	872	
1674	0	30910	864	
1675	0	30893	879	
1676	0	30924	865	
1677	0	30981	851	
1678	0	31028	847	
1679	0	31056	844	
1680	0	31037	838	
1681	0	30992	839	
1682	0	30936	920	
1683	0	30908	895	
1684	0	30912	894	
1685	0	30968	892	
1686	0	31021	873	
1687	0	31056	872	
1688	0	31046	845	
1689	0	31008	837	
1690	0	30953	897	
1691	0	30917	888	
1692	0	30926	873	
1693	0	30965	862	
1694	0	31020	875	
1695	0	31064	841	
1696	0	31068	842	
1697	0	31036	892	
1698	0	30976	878	
1699	0	30933	859	
1700	0	30923	854	
1701	0	30957	839	
1702	0	31012	895	
1703	0	31074	881	
1704	0	31084	869	
1705	0	31068	860	
1706	0	31020	855	
1707	0	30973	839	
1708	0	30960	842	
1709	0	30965	926	
1710	0	31022	888	
1711	0	31089	868	
1712	0	31116	868	
1713	0	31110	861	
1714	0	31081	870	
1715	0	31015	844	
1716	0	30982	940	
1717	0	30992	889	
1718	0	31026	870	
1719	0	31084	861	
1720	0	31134	838	
1721	0	31144	898	
1722	0	31104	886	
1723	0	31060	862	
1724	0	31024	868	
1725	0	31012	843	
1726	0	31042	842	
1727	0	31092	899	
1728	0	31144	895	
1729	0	31172	894	
1730	0	31152	902	
1731	0	31105	896	
1732	0	31068	886	
1733	0	31045	882	
1734	0	31060	883	
1735	0	31108	884	
1736	0	31161	885	
1737	0	31201	875	
1738	0	31204	869	
1739	0	31156	884	
1740	0	31121	884	
1741	0	31086	879	
1742	0	31093	877	
1743	0	31137	871	
1744	0	31198	869	
1745	0	31244	867	
1746	0	31260	880	
1747	0	31228	879	
1748	0	31181	867	
1749	0	31136	886	
1750	0	31120	862	
1751	0	31152	841	
1752	0	31197	842	
1753	0	31253	919	
1754	0	31276	891	
1755	0	31254	893	
1756	0	31204	877	
1757	0	31157	868	
1758	0	31136	861	
1759	0	31146	877	
1760	0	31192	870	
1761	0	31238	851	
1762	0	31268	838	
1763	0	31273	839	
1764	0	31229	895	
1765	0	31176	891	
1766	0	31132	881	
1767	0	31134	869	
1768	0	31172	860	
1769	0	31230	875	
1770	0	31262	856	
1771	0	31276	843	
1772	0	31230	838	
1773	0	31176	837	
1774	0	31141	840	
1775	0	31124	888	
1776	0	31149	873	
1777	0	31211	861	
1778	0	31264	876	
1779	0	31296	863	
1780	0	31273	844	
1781	0	31246	842	
1782	0	31199	843	
1783	0	31173	842	
1784	0	31198	841	
1785	0	31246	839	
1786	0	31305	841	
1787	0	31353	877	
1788	0	31348	889	
1789	0	31313	839	
1790	0	31268	873	
1791	0	31236	842	
1792	0	31249	869	
1793	0	31296	886	
1794	0	31349	838	
1795	0	31406	869	
1796	0	31409	839	
1797	0	31388	863	
1798	0	31336	898	
1799	0	31296	852	
1800	0	31292	881	
1801	0	31316	839	
1802	0	31373	862	
1803	0	31433	895	
1804	0	31461	865	
1805	0	31445	890	
1806	0	31413	841	
1807	0	31365	876	
1808	0	31343	942	
1809	0	31364	848	
1810	0	31418	869	
1811	0	31474	940	
1812	0	31516	850	
1813	0	31509	872	
1814	0	31476	914	
1815	0	31429	856	
1816	0	31398	878	
1817	0	31405	840	
1818	0	31449	862	
1819	0	31505	875	
1820	0	31557	844	
1821	0	31583	869	
1822	0	31551	892	
1823	0	31513	858	
1824	0	31472	893	
1825	0	31477	840	
1826	0	31511	870	
1827	0	31568	839	
1828	0	31636	856	
1829	0	31668	890	
1830	0	31674	841	
1831	0	31632	874	
1832	0	31596	839	
1833	0	31594	868	
1834	0	31624	842	
1835	0	31681	865	
1836	0	31756	893	
1837	0	31816	846	
1838	0	31829	889	
1839	0	31813	856	
1840	0	31773	887	
1841	0	31752	842	
1842	0	31780	871	
1843	0	31829	840	
1844	0	31910	878	
1845	0	31972	892	
1846	0	32009	864	
1847	0	32006	884	
1848	0	31977	840	
1849	0	31958	877	
1850	0	31969	841	
1851	0	32024	875	
1852	0	32092	838	
1853	0	32170	859	
1854	0	32212	837	
1855	0	32224	857	
1856	0	32204	940	
1857	0	32174	870	
1858	0	32180	841	
1859	0	32213	884	
1860	0	32284	893	
1861	0	32364	852	
1862	0	32418	890	
1863	0	32441	864	
1864	0	32432	891	
1865	0	32408	867	
1866	0	32392	889	
1867	0	32417	870	
1868	0	32476	894	
1869	0	32548	869	
1870	0	32623	889	
1871	0	32652	848	
1872	0	32653	890	
1873	0	32617	851	
1874	0	32601	885	
1875	0	32600	838	
1876	0	32655	857	
1877	0	32709	900	
1878	0	32792	879	
1879	0	32844	900	
1880	0	32847	883	
1881	0	32825	893	
1882	0	32804	871	
1883	0	32796	887	
1884	0	32830	835	
1885	0	32894	869	
1886	0	32968	836	
1887	0	33029	868	
1888	0	33044	837	
1889	0	33028	866	
1890	0	33017	837	
1891	0	32988	875	
1892	0	33012	890	
1893	0	33056	851	
1894	0	33136	885	
1895	0	33193	838	
1896	0	33233	870	
1897	0	33220	841	
1898	0	33188	860	
1899	0	33160	941	
1900	0	33156	867	
1901	0	33204	886	
1902	0	33261	839	
1903	0	33332	878	
1904	0	33369	838	
1905	0	33367	872	
1906	0	33339	890	
1907	0	33297	840	
1908	0	33272	877	
1909	0	33295	835	
1910	0	33344	857	
1911	0	33407	904	
1912	0	33457	878	
1913	0	33474	886	
1914	0	33449	852	
1915	0	33409	885	
1916	0	33380	848	
1917	0	33380	886	
1918	0	33428	845	
1919	0	33484	885	
1920	0	33540	841	
1921	0	33568	887	
1922	0	33552	861	
1923	0	33514	894	
1924	0	33468	880	
1925	0	33455	839	
1926	0	33484	869	
1927	0	33544	839	
1928	0	33612	877	
1929	0	33636	838	
1930	0	33637	887	
1931	0	33596	858	
1932	0	33549	886	
1933	0	33518	842	
1934	0	33536	890	
1935	0	33574	842	
1936	0	33653	891	
1937	0	33693	868	
1938	0	33700	914	
1939	0	33666	883	
1940	0	33609	844	
1941	0	33580	863	
1942	0	33580	834	
1943	0	33604	880	
1944	0	33660	839	
1945	0	33724	888	
1946	0	33737	860	
1947	0	33709	891	
1948	0	33660	860	
1949	0	33618	890	
1950	0	33592	845	
1951	0	33618	884	
1952	0	33673	841	
1953	0	33732	878	
1954	0	33760	838	
1955	0	33740	876	
1956	0	33693	842	
1957	0	33652	875	
1958	0	33612	836	
1959	0	33633	879	
1960	0	33677	840	
1961	0	33729	878	
1962	0	33758	838	
1963	0	33766	880	
1964	0	33732	838	
1965	0	33681	876	
1966	0	33638	838	
1967	0	33636	876	
1968	0	33664	844	
1969	0	33736	886	
1970	0	33773	845	
1971	0	33793	891	
1972	0	33770	875	
1973	0	33719	902	
1974	0	33681	885	
1975	0	33660	843	
1976	0	33684	879	
1977	0	33738	895	
1978	0	33790	840	
1979	0	33820	865	
1980	0	33812	909	
1981	0	33764	860	
1982	0	33716	882	
1983	0	33696	847	
1984	0	33700	862	
1985	0	33736	881	
1986	0	33790	842	
1987	0	33840	884	
1988	0	33837	895	
1989	0	33812	856	
1990	0	33758	886	
1991	0	33724	841	
1992	0	33716	886	
1993	0	33756	897	
1994	0	33816	863	
1995	0	33865	893	
1996	0	33890	842	
1997	0	33871	886	
1998	0	33824	846	
1999	0	33780	884	
2000	0	33761	844	
2001	0	33791	892	
2002	0	33845	848	
2003	0	33900	894	
2004	0	33927	869	
2005	0	33924	892	
2006	0	33876	874	
2007	0	33836	891	
2008	0	33818	844	
2009	0	33825	877	
2010	0	33876	841	
2011	0	33926	861	
2012	0	33968	844	
2013	0	33980	860	
2014	0	33953	843	
2015	0	33889	860	
2016	0	33856	949	
2017	0	33852	872	
2018	0	33892	884	
2019	0	33948	839	
2020	0	34006	881	
2021	0	34020	893	
2022	0	34004	843	
2023	0	33953	867	
2024	0	33901	839	
2025	0	33892	860	
2026	0	33909	898	
2027	0	33952	851	
2028	0	34020	878	
2029	0	34052	840	
2030	0	34045	861	
2031	0	33996	898	
2032	0	33942	845	
2033	0	33908	873	
2034	0	33926	844	
2035	0	33957	886	
2036	0	34014	891	
2037	0	34063	848	
2038	0	34064	890	
2039	0	34043	850	
2040	0	33982	892	
2041	0	33940	841	
2042	0	33932	891	
2043	0	33960	848	
2044	0	34014	879	
2045	0	34069	840	
2046	0	34092	869	
2047	0	34068	841	
2048	0	34008	887	
2049	0	33965	842	
2050	0	33924	879	
2051	0	33952	839	
2052	0	33996	873	
2053	0	34037	841	
2054	0	34080	864	
2055	0	34056	919	
2056	0	34020	869	
2057	0	33954	893	
2058	0	33916	852	
2059	0	33902	885	
2060	0	33940	841	
2061	0	33988	879	
2062	0	34030	840	
2063	0	34023	863	
2064	0	33982	942	
2065	0	33909	862	
2066	0	33860	887	
2067	0	33854	838	
2068	0	33880	881	
2069	0	33922	840	
2070	0	33965	869	
2071	0	33981	839	
2072	0	33951	862	
2073	0	33901	839	
2074	0	33836	863	
2075	0	33806	911	
2076	0	33820	870	
2077	0	33860	889	
2078	0	33905	857	
2079	0	33940	891	
2080	0	33924	852	
2081	0	33872	879	
2082	0	33808	837	
2083	0	33777	881	
2084	0	33772	889	
2085	0	33816	839	
2086	0	33868	867	
2087	0	33908	835	
2088	0	33908	858	
2089	0	33869	920	
2090	0	33812	878	
2091	0	33764	892	
2092	0	33760	853	
2093	0	33785	888	
2094	0	33844	859	
2095	0	33892	890	
2096	0	33909	883	
2097	0	33874	839	
2098	0	33824	873	
2099	0	33772	888	
2100	0	33752	850	
2101	0	33772	877	
2102	0	33821	836	
2103	0	33874	868	
2104	0	33905	834	
2105	0	33893	863	
2106	0	33856	837	
2107	0	33796	872	
2108	0	33765	891	
2109	0	33765	855	
2110	0	33801	889	
2111	0	33856	863	
2112	0	33892	890	
2113	0	33900	859	
2114	0	33861	889	
2115	0	33806	847	
2116	0	33764	886	
2117	0	33750	871	
2118	0	33776	887	
2119	0	33828	838	
2120	0	33876	861	
2121	0	33896	890	
2122	0	33852	837	
2123	0	33800	862	
2124	0	33752	893	
2125	0	33718	841	
2126	0	33736	866	
2127	0	33770	905	
2128	0	33826	857	
2129	0	33850	881	
2130	0	33832	935	
2131	0	33796	880	
2132	0	33728	860	
2133	0	33688	857	
2134	0	33684	879	
2135	0	33716	873	
2136	0	33761	868	
2137	0	33806	870	
2138	0	33798	865	
2139	0	33772	862	
2140	0	33703	845	
2141	0	33662	836	
2142	0	33636	933	
2143	0	33665	891	
2144	0	33706	885	
2145	0	33753	878	
2146	0	33760	867	
2147	0	33726	864	
2148	0	33668	872	
2149	0	33614	848	
2150	0	33589	848	
2151	0	33600	840	
2152	0	33649	839	
2153	0	33703	841	
2154	0	33736	893	
2155	0	33721	887	
2156	0	33678	884	
2157	0	33624	864	
2158	0	33584	885	
2159	0	33589	865	
2160	0	33631	844	
2161	0	33688	840	
2162	0	33729	946	
2163	0	33732	891	
2164	0	33697	875	
2165	0	33637	863	
2166	0	33585	858	
2167	0	33576	841	
2168	0	33598	839	
2169	0	33649	877	
2170	0	33700	891	
2171	0	33714	873	
2172	0	33696	887	
2173	0	33641	853	
2174	0	33592	838	
2175	0	33556	895	
2176	0	33574	897	
2177	0	33608	881	
2178	0	33656	885	
2179	0	33674	879	
2180	0	33656	873	
2181	0	33608	862	
2182	0	33550	884	
2183	0	33509	883	
2184	0	33501	882	
2185	0	33537	871	
2186	0	33580	869	
2187	0	33620	847	
2188	0	33617	841	
2189	0	33580	843	
2190	0	33524	912	
2191	0	33481	896	
2192	0	33466	891	
2193	0	33488	885	
2194	0	33556	869	
2195	0	33604	883	
2196	0	33612	848	
2197	0	33590	845	
2198	0	33536	896	
2199	0	33477	884	
2200	0	33456	884	
2201	0	33468	847	
2202	0	33522	845	
2203	0	33580	920	
2204	0	33616	899	
2205	0	33596	897	
2206	0	33549	895	
2207	0	33492	890	
2208	0	33460	883	
2209	0	33460	876	
2210	0	33496	864	
2211	0	33548	884	
2212	0	33577	850	
2213	0	33577	846	
2214	0	33537	840	
2215	0	33484	844	
2216	0	33417	908	
2217	0	33412	894	
2218	0	33438	882	
2219	0	33486	870	
2220	0	33530	883	
2221	0	33532	862	
2222	0	33508	844	
2223	0	33453	900	
2224	0	33408	885	
2225	0	33376	872	
2226	0	33398	871	
2227	0	33440	846	
2228	0	33490	897	
2229	0	33504	888	
2230	0	33496	873	
2231	0	33429	888	
2232	0	33380	854	
2233	0	33344	844	
2234	0	33338	843	
2235	0	33385	897	
2236	0	33442	885	
2237	0	33478	867	
2238	0	33477	853	
2239	0	33436	844	
2240	0	33381	944	
2241	0	33336	893	
2242	0	33325	870	
2243	0	33352	865	
2244	0	33408	842	
2245	0	33452	901	
2246	0	33449	894	
2247	0	33440	880	
2248	0	33383	865	
2249	0	33326	863	
2250	0	33297	842	
2251	0	33310	839	
2252	0	33352	936	
2253	0	33408	890	
2254	0	33431	862	
2255	0	33417	858	
2256	0	33380	842	
2257	0	33320	901	
2258	0	33284	885	
2259	0	33292	861	
2260	0	33320	854	
2261	0	33388	839	
2262	0	33408	901	
2263	0	33398	895	
2264	0	33352	881	
2265	0	33289	873	
2266	0	33248	845	
2267	0	33236	839	
2268	0	33260	902	
2269	0	33310	885	
2270	0	33348	865	
2271	0	33357	852	
2272	0	33336	839	
2273	0	33276	893	
2274	0	33220	873	
2275	0	33196	883	
2276	0	33208	849	
2277	0	33255	836	
2278	0	33304	939	
2279	0	33337	889	
2280	0	33308	863	
2281	0	33252	882	
2282	0	33196	844	
2283	0	33156	836	
2284	0	33160	935	
2285	0	33196	888	
2286	0	33256	878	
2287	0	33292	870	
2288	0	33288	866	
2289	0	33252	866	
2290	0	33198	839	
2291	0	33149	839	
2292	0	33138	886	
2293	0	33164	863	
2294	0	33212	863	
2295	0	33252	838	
2296	0	33274	936	
2297	0	33260	892	
2298	0	33190	874	
2299	0	33133	859	
2300	0	33105	870	
2301	0	33120	840	
2302	0	33169	836	
2303	0	33221	889	
2304	0	33241	880	
2305	0	33221	853	
2306	0	33176	861	
2307	0	33126	834	
2308	0	33084	837	
2309	0	33086	888	
2310	0	33124	870	
2311	0	33166	864	
2312	0	33206	878	
2313	0	33208	860	
2314	0	33180	838	
2315	0	33120	833	
2316	0	33088	834	
2317	0	33080	931	
2318	0	33113	880	
2319	0	33172	859	
2320	0	33210	865	
2321	0	33221	834	
2322	0	33198	838	
2323	0	33144	889	
2324	0	33100	884	
2325	0	33077	878	
2326	0	33104	861	
2327	0	33148	867	
2328	0	33198	837	
2329	0	33224	837	
2330	0	33208	897	
2331	0	33166	886	
2332	0	33104	869	
2333	0	33073	880	
2334	0	33080	841	
2335	0	33120	836	
2336	0	33160	897	
2337	0	33204	887	
2338	0	33198	871	
2339	0	33156	860	
2340	0	33100	870	
2341	0	33064	842	
2342	0	33053	838	
2343	0	33089	895	
2344	0	33132	885	
2345	0	33165	866	
2346	0	33167	871	
2347	0	33138	842	
2348	0	33092	837	
2349	0	33050	842	
2350	0	33022	896	
2351	0	33037	889	
2352	0	33081	864	
2353	0	33128	854	
2354	0	33150	838	
2355	0	33133	893	
2356	0	33079	888	
2357	0	33020	864	
2358	0	32980	864	
2359	0	32988	843	
2360	0	33019	898	
2361	0	33068	890	
2362	0	33098	877	
2363	0	33097	876	
2364	0	33056	839	
2365	0	32981	894	
2366	0	32943	868	
2367	0	32932	882	
2368	0	32951	849	
2369	0	32993	837	
2370	0	33040	839	
2371	0	33044	893	
2372	0	33010	890	
2373	0	32936	870	
2374	0	32887	869	
2375	0	32861	841	
2376	0	32876	912	
2377	0	32920	889	
2378	0	32969	868	
2379	0	32986	879	
2380	0	32956	841	
2381	0	32905	941	
2382	0	32846	884	
2383	0	32804	864	
2384	0	32808	858	
2385	0	32849	840	
2386	0	32892	908	
2387	0	32924	882	
2388	0	32917	857	
2389	0	32868	851	
2390	0	32812	838	
2391	0	32768	892	
2392	0	32760	878	
2393	0	32793	866	
2394	0	32848	870	
2395	0	32888	839	
2396	0	32900	838	
2397	0	32870	887	
2398	0	32820	874	
2399	0	32758	862	
2400	0	32738	855	
2401	0	32760	838	
2402	0	32808	902	
2403	0	32863	876	
2404	0	32890	881	
2405	0	32876	839	
2406	0	32820	838	
2407	0	32769	888	
2408	0	32740	872	
2409	0	32745	883	
2410	0	32789	842	
2411	0	32840	895	
2412	0	32870	889	
2413	0	32872	875	
2414	0	32832	880	
2415	0	32775	852	
2416	0	32728	837	
2417	0	32720	930	
2418	0	32756	889	
2419	0	32804	862	
2420	0	32839	856	
2421	0	32847	839	
2422	0	32812	842	
2423	0	32748	895	
2424	0	32701	883	
2425	0	32677	863	
2426	0	32698	853	
2427	0	32736	837	
2428	0	32796	890	
2429	0	32812	864	
2430	0	32797	839	
2431	0	32744	840	
2432	0	32692	884	
2433	0	32662	859	
2434	0	32664	838	
2435	0	32708	900	
2436	0	32756	878	
2437	0	32806	860	
2438	0	32804	841	
2439	0	32766	838	
2440	0	32714	887	
2441	0	32672	873	
2442	0	32672	880	
2443	0	32705	842	
2444	0	32766	836	
2445	0	32808	886	
2446	0	32836	858	
2447	0	32804	846	
2448	0	32743	839	
2449	0	32704	869	
2450	0	32687	866	
2451	0	32717	840	
2452	0	32764	892	
2453	0	32804	867	
2454	0	32836	855	
2455	0	32822	842	
2456	0	32784	833	
2457	0	32726	898	
2458	0	32704	874	
2459	0	32708	879	
2460	0	32749	842	
2461	0	32805	836	
2462	0	32836	906	
2463	0	32841	887	
2464	0	32792	864	
2465	0	32725	874	
2466	0	32682	838	
2467	0	32676	839	
2468	0	32712	885	
2469	0	32757	859	
2470	0	32800	850	
2471	0	32807	836	
2472	0	32778	922	
2473	0	32717	882	
2474	0	32667	857	
2475	0	32647	838	
2476	0	32660	891	
2477	0	32705	868	
2478	0	32752	841	
2479	0	32771	837	
2480	0	32744	887	
2481	0	32704	859	
2482	0	32646	861	
2483	0	32616	837	
2484	0	32613	908	
2485	0	32648	879	
2486	0	32696	876	
2487	0	32716	837	
2488	0	32713	890	
2489	0	32676	870	
2490	0	32616	853	
2491	0	32568	838	
2492	0	32556	887	
2493	0	32581	859	
2494	0	32630	850	
2495	0	32677	841	
2496	0	32677	893	
2497	0	32641	882	
2498	0	32584	881	
2499	0	32532	853	
2500	0	32512	838	
2501	0	32528	900	
2502	0	32565	876	
2503	0	32607	883	
2504	0	32628	850	
2505	0	32608	838	
2506	0	32556	942	
2507	0	32496	892	
2508	0	32454	878	
2509	0	32452	870	
2510	0	32490	857	
2511	0	32533	840	
2512	0	32554	890	
2513	0	32541	866	
2514	0	32497	866	
2515	0	32431	839	
2516	0	32378	886	
2517	0	32372	880	
2518	0	32388	849	
2519	0	32424	839	
2520	0	32453	842	
2521	0	32452	890	
2522	0	32420	874	
2523	0	32367	871	
2524	0	32298	867	
2525	0	32271	843	
2526	0	32292	838	
2527	0	32331	842	
2528	0	32373	889	
2529	0	32388	877	
2530	0	32368	864	
2531	0	32309	877	
2532	0	32237	857	
2533	0	32199	838	
2534	0	32212	839	
2535	0	32238	945	
2536	0	32294	894	
2537	0	32324	888	
2538	0	32324	876	
2539	0	32263	862	
2540	0	32215	882	
2541	0	32169	840	
2542	0	32149	837	
2543	0	32168	891	
2544	0	32216	870	
2545	0	32250	858	
2546	0	32269	875	
2547	0	32226	860	
2548	0	32172	840	
2549	0	32108	935	
2550	0	32088	890	
2551	0	32092	879	
2552	0	32140	859	
2553	0	32185	864	
2554	0	32200	879	
2555	0	32175	859	
2556	0	32120	846	
2557	0	32053	840	
2558	0	32028	838	
2559	0	32030	839	
2560	0	32064	840	
2561	0	32108	894	
2562	0	32132	888	
2563	0	32117	868	
2564	0	32065	877	
2565	0	32004	836	
2566	0	31956	893	
2567	0	31943	883	
2568	0	31976	859	
2569	0	32025	843	
2570	0	32056	839	
2571	0	32056	838	
2572	0	32008	897	
2573	0	31948	888	
2574	0	31892	870	
2575	0	31865	866	
2576	0	31887	861	
2577	0	31940	838	
2578	0	31973	841	
2579	0	31996	897	
2580	0	31975	869	
2581	0	31916	870	
2582	0	31860	848	
2583	0	31820	840	
2584	0	31830	842	
2585	0	31857	890	
2586	0	31904	863	
2587	0	31920	879	
2588	0	31908	841	
2589	0	31869	842	
2590	0	31801	887	
2591	0	31760	866	
2592	0	31740	862	
2593	0	31775	843	
2594	0	31820	895	
2595	0	31845	870	
2596	0	31840	879	
2597	0	31808	841	
2598	0	31751	843	
2599	0	31686	897	
2600	0	31676	886	
2601	0	31680	867	
2602	0	31728	868	
2603	0	31775	850	
2604	0	31792	844	
2605	0	31767	839	
2606	0	31716	898	
2607	0	31656	886	
2608	0	31616	881	
2609	0	31612	869	
2610	0	31648	883	
2611	0	31695	868	
2612	0	31726	840	
2613	0	31722	892	
2614	0	31674	881	
2615	0	31623	862	
2616	0	31585	841	
2617	0	31560	843	
2618	0	31584	898	
2619	0	31640	890	
2620	0	31680	879	
2621	0	31690	842	
2622	0	31662	892	
2623	0	31612	870	
2624	0	31548	881	
2625	0	31536	844	
2626	0	31548	845	
2627	0	31598	892	
2628	0	31652	886	
2629	0	31669	873	
2630	0	31658	886	
2631	0	31596	845	
2632	0	31533	844	
2633	0	31508	894	
2634	0	31516	883	
2635	0	31564	867	
2636	0	31616	887	
2637	0	31644	863	
2638	0	31626	845	
2639	0	31597	841	
2640	0	31532	946	
2641	0	31492	882	
2642	0	31480	862	
2643	0	31522	856	
2644	0	31561	845	
2645	0	31602	901	
2646	0	31601	881	
2647	0	31572	864	
2648	0	31505	859	
2649	0	31449	843	
2650	0	31436	888	
2651	0	31452	883	
2652	0	31496	845	
2653	0	31541	894	
2654	0	31552	866	
2655	0	31530	863	
2656	0	31477	840	
2657	0	31416	900	
2658	0	31388	888	
2659	0	31394	863	
2660	0	31426	851	
2661	0	31469	840	
2662	0	31500	893	
2663	0	31495	881	
2664	0	31447	860	
2665	0	31388	874	
2666	0	31338	839	
2667	0	31328	912	
2668	0	31359	881	
2669	0	31404	851	
2670	0	31449	843	
2671	0	31455	894	
2672	0	31420	875	
2673	0	31364	865	
2674	0	31309	869	
2675	0	31291	845	
2676	0	31312	847	
2677	0	31356	884	
2678	0	31413	886	
2679	0	31440	842	
2680	0	31420	897	
2681	0	31368	869	
2682	0	31308	867	
2683	0	31278	842	
2684	0	31301	843	
2685	0	31345	886	
2686	0	31393	860	
2687	0	31448	850	
2688	0	31429	841	
2689	0	31396	899	
2690	0	31340	881	
2691	0	31302	860	
2692	0	31300	850	
2693	0	31335	845	
2694	0	31396	894	
2695	0	31439	869	
2696	0	31464	886	
2697	0	31428	846	
2698	0	31383	847	
2699	0	31337	888	
