# OpenSignals Text File Format. Version 1
# {"00:07:80:89:7F:D7": {"position": 0, "device": "biosignalsplux", "device name": "00:07:80:89:7F:D7", "device connection": "BTH00:07:80:89:7F:D7", "sampling rate": 1000, "resolution": [16, 16], "firmware version": 776, "comments": "", "keywords": "", "mode": 0, "sync interval": 2, "date": "2022-10-20", "time": "10:5:13.830", "channels": [1, 2], "sensor": ["BVP", "EDA"], "label": ["CH1", "CH2"], "column": ["nSeq", "DI", "CH1", "CH2"], "special": [{"SpO2": [80, 40, 5, 4, 3, 3]}, {"SpO2": [80, 40, 5, 4, 3, 3]}, {"SpO2": [80, 40, 5, 4, 3, 3]}, {"SpO2": [80, 40, 5, 4, 3, 3]}, {"SpO2": [80, 40, 5, 4, 3, 3]}, {"SpO2": [80, 40, 5, 4, 3, 3]}, {"SpO2": [80, 40, 5, 4, 3, 3]}, {"SpO2": [80, 40, 5, 4, 3, 3]}], "digital IO": [0, 1], "sleeve color": ["green", "red"], "convertedValues": 1}}
# EndOfHeader
0.0	0.0	0.94469	0.3654	
1.0	0.0	0.94624	0.37	
2.0	0.0	0.94836	0.3345	
3.0	0.0	0.95117	0.3353	
4.0	0.0	0.95409	0.3513	
5.0	0.0	0.95734	0.3571	
6.0	0.0	0.96063	0.349	
7.0	0.0	0.96295	0.3559	
8.0	0.0	0.96503	0.3616	
9.0	0.0	0.96674	0.3742	
10.0	0.0	0.96828	0.3349	
11.0	0.0	0.97064	0.3437	
12.0	0.0	0.97321	0.3498	
13.0	0.0	0.9762	0.3567	
14.0	0.0	0.97937	0.3532	
15.0	0.0	0.98187	0.3551	
16.0	0.0	0.98389	0.3571	
17.0	0.0	0.98511	0.3574	
18.0	0.0	0.98642	0.3613	
19.0	0.0	0.98828	0.3635	
20.0	0.0	0.99072	0.3632	
21.0	0.0	0.99347	0.3647	
22.0	0.0	0.99634	0.3658	
23.0	0.0	0.99908	0.338	
24.0	0.0	0.99998	0.3399	
25.0	0.0	0.99998	0.3437	
26.0	0.0	0.99998	0.3544	
27.0	0.0	0.99998	0.3551	
28.0	0.0	0.99998	0.3536	
29.0	0.0	0.99998	0.3551	
30.0	0.0	0.99998	0.362	
31.0	0.0	0.99998	0.3666	
32.0	0.0	0.99998	0.3395	
33.0	0.0	0.99998	0.3422	
34.0	0.0	0.99998	0.351	
35.0	0.0	0.99998	0.3597	
36.0	0.0	0.99998	0.354	
37.0	0.0	0.99998	0.3578	
38.0	0.0	0.99998	0.3605	
39.0	0.0	0.99998	0.3624	
40.0	0.0	0.99998	0.367	
41.0	0.0	0.99998	0.3677	
42.0	0.0	0.99998	0.3792	
43.0	0.0	0.99998	0.3387	
44.0	0.0	0.99998	0.3384	
45.0	0.0	0.99998	0.3418	
46.0	0.0	0.99998	0.3502	
47.0	0.0	0.99998	0.3551	
48.0	0.0	0.99998	0.3502	
49.0	0.0	0.99998	0.3609	
50.0	0.0	0.99998	0.3628	
51.0	0.0	0.99998	0.3799	
52.0	0.0	0.99998	0.3387	
53.0	0.0	0.99998	0.3399	
54.0	0.0	0.99998	0.3525	
55.0	0.0	0.99998	0.3502	
56.0	0.0	0.99998	0.3555	
57.0	0.0	0.99998	0.3632	
58.0	0.0	0.99998	0.3387	
59.0	0.0	0.99998	0.3372	
60.0	0.0	0.99998	0.3399	
61.0	0.0	0.99998	0.3361	
62.0	0.0	0.99998	0.338	
63.0	0.0	0.99998	0.3487	
64.0	0.0	0.99998	0.3555	
65.0	0.0	0.99998	0.3551	
66.0	0.0	0.99998	0.346	
67.0	0.0	0.99998	0.3494	
68.0	0.0	0.99998	0.3551	
69.0	0.0	0.99998	0.3601	
70.0	0.0	0.99998	0.3609	
71.0	0.0	0.99998	0.3361	
72.0	0.0	0.99998	0.3334	
73.0	0.0	0.99998	0.3353	
74.0	0.0	0.99998	0.3372	
75.0	0.0	0.99998	0.3468	
76.0	0.0	0.99998	0.3536	
77.0	0.0	0.99998	0.3502	
78.0	0.0	0.99998	0.3559	
79.0	0.0	0.99998	0.3601	
80.0	0.0	0.99998	0.3716	
81.0	0.0	0.99998	0.333	
82.0	0.0	0.99998	0.3338	
83.0	0.0	0.99998	0.3315	
84.0	0.0	0.99998	0.3334	
85.0	0.0	0.99998	0.3387	
86.0	0.0	0.99998	0.3471	
87.0	0.0	0.99998	0.3456	
88.0	0.0	0.99998	0.3544	
89.0	0.0	0.99998	0.3441	
90.0	0.0	0.99998	0.3471	
91.0	0.0	0.99998	0.3487	
92.0	0.0	0.99998	0.3487	
93.0	0.0	0.99998	0.3494	
94.0	0.0	0.99998	0.3513	
95.0	0.0	0.99998	0.3555	
96.0	0.0	0.99998	0.3567	
97.0	0.0	0.99998	0.3571	
98.0	0.0	0.99998	0.3563	
99.0	0.0	0.99998	0.3651	
100.0	0.0	0.99998	0.3304	
101.0	0.0	0.99998	0.3315	
102.0	0.0	0.99998	0.3349	
103.0	0.0	0.99998	0.3471	
104.0	0.0	0.99998	0.3441	
105.0	0.0	0.99998	0.3521	
106.0	0.0	0.99998	0.3559	
107.0	0.0	0.99998	0.3296	
108.0	0.0	0.99998	0.3284	
109.0	0.0	0.99998	0.3292	
110.0	0.0	0.99998	0.3292	
111.0	0.0	0.99998	0.3296	
112.0	0.0	0.99998	0.3296	
113.0	0.0	0.99998	0.3292	
114.0	0.0	0.99998	0.33	
115.0	0.0	0.99998	0.3304	
116.0	0.0	0.99998	0.3319	
117.0	0.0	0.99998	0.3323	
118.0	0.0	0.99998	0.3426	
119.0	0.0	0.99998	0.3429	
120.0	0.0	0.99998	0.3456	
121.0	0.0	0.99998	0.351	
122.0	0.0	0.99998	0.3517	
123.0	0.0	0.99998	0.3292	
124.0	0.0	0.99998	0.3292	
125.0	0.0	0.99998	0.33	
126.0	0.0	0.99998	0.3395	
127.0	0.0	0.99998	0.3502	
128.0	0.0	0.99998	0.3414	
129.0	0.0	0.99998	0.3456	
130.0	0.0	0.99998	0.3506	
131.0	0.0	0.99998	0.3525	
132.0	0.0	0.99998	0.3616	
133.0	0.0	0.99998	0.3277	
134.0	0.0	0.99998	0.3281	
135.0	0.0	0.99998	0.3277	
136.0	0.0	0.99998	0.3368	
137.0	0.0	0.99998	0.3376	
138.0	0.0	0.99998	0.3418	
139.0	0.0	0.99998	0.3521	
140.0	0.0	0.99998	0.3521	
141.0	0.0	0.99998	0.3609	
142.0	0.0	0.99998	0.362	
143.0	0.0	0.99998	0.3288	
144.0	0.0	0.99998	0.3315	
145.0	0.0	0.99998	0.3475	
146.0	0.0	0.99998	0.3429	
147.0	0.0	0.99998	0.3487	
148.0	0.0	0.99998	0.354	
149.0	0.0	0.99998	0.3685	
150.0	0.0	0.99998	0.3288	
151.0	0.0	0.99998	0.3361	
152.0	0.0	0.99998	0.3414	
153.0	0.0	0.99998	0.3475	
154.0	0.0	0.99998	0.341	
155.0	0.0	0.99998	0.3468	
156.0	0.0	0.99998	0.3498	
157.0	0.0	0.99998	0.3532	
158.0	0.0	0.99998	0.3296	
159.0	0.0	0.99998	0.3296	
160.0	0.0	0.99998	0.3296	
161.0	0.0	0.99998	0.3399	
162.0	0.0	0.99998	0.3517	
163.0	0.0	0.99998	0.3414	
164.0	0.0	0.99998	0.351	
165.0	0.0	0.99998	0.3418	
166.0	0.0	0.99998	0.3517	
167.0	0.0	0.99998	0.354	
168.0	0.0	0.99998	0.3628	
169.0	0.0	0.99998	0.3296	
170.0	0.0	0.99998	0.341	
171.0	0.0	0.99998	0.3456	
172.0	0.0	0.99998	0.3403	
173.0	0.0	0.99998	0.3525	
174.0	0.0	0.99998	0.367	
175.0	0.0	0.99998	0.33	
176.0	0.0	0.99998	0.3338	
177.0	0.0	0.99998	0.3464	
178.0	0.0	0.99998	0.3506	
179.0	0.0	0.99998	0.3433	
180.0	0.0	0.99998	0.3536	
181.0	0.0	0.99998	0.3613	
182.0	0.0	0.99998	0.3311	
183.0	0.0	0.99998	0.3311	
184.0	0.0	0.99998	0.3391	
185.0	0.0	0.99998	0.3429	
186.0	0.0	0.99998	0.3441	
187.0	0.0	0.99998	0.3441	
188.0	0.0	0.99998	0.3433	
189.0	0.0	0.99998	0.3437	
190.0	0.0	0.99998	0.3483	
191.0	0.0	0.99998	0.3414	
192.0	0.0	0.99998	0.3422	
193.0	0.0	0.99998	0.3445	
194.0	0.0	0.99998	0.3464	
195.0	0.0	0.99998	0.3532	
196.0	0.0	0.99998	0.3582	
197.0	0.0	0.99998	0.3311	
198.0	0.0	0.99998	0.3304	
199.0	0.0	0.99998	0.3429	
200.0	0.0	0.99998	0.3441	
201.0	0.0	0.99998	0.349	
202.0	0.0	0.99998	0.3551	
203.0	0.0	0.99998	0.3567	
204.0	0.0	0.99998	0.3323	
205.0	0.0	0.99998	0.3326	
206.0	0.0	0.99998	0.3376	
207.0	0.0	0.99998	0.3609	
208.0	0.0	0.99998	0.346	
209.0	0.0	0.99998	0.3368	
210.0	0.0	0.99998	0.3555	
211.0	0.0	0.99998	0.3529	
212.0	0.0	0.99998	0.3315	
213.0	0.0	0.99998	0.3422	
214.0	0.0	0.99998	0.33	
215.0	0.0	0.99998	0.3464	
216.0	0.0	0.99998	0.3304	
217.0	0.0	0.99998	0.3475	
218.0	0.0	0.99998	0.3315	
219.0	0.0	0.99998	0.3555	
220.0	0.0	0.99998	0.351	
221.0	0.0	0.99998	0.3296	
222.0	0.0	0.99998	0.3498	
223.0	0.0	0.99998	0.3361	
224.0	0.0	0.99998	0.3525	
225.0	0.0	0.99998	0.3445	
226.0	0.0	0.99998	0.33	
227.0	0.0	0.99998	0.3426	
228.0	0.0	0.99998	0.3288	
229.0	0.0	0.99998	0.3532	
230.0	0.0	0.99998	0.3464	
231.0	0.0	0.99998	0.3273	
232.0	0.0	0.99998	0.3506	
233.0	0.0	0.99998	0.341	
234.0	0.0	0.99998	0.3284	
235.0	0.0	0.99998	0.3479	
236.0	0.0	0.99998	0.3353	
237.0	0.0	0.99998	0.3529	
238.0	0.0	0.99998	0.3441	
239.0	0.0	0.99998	0.3403	
240.0	0.0	0.99998	0.3265	
241.0	0.0	0.99998	0.3445	
242.0	0.0	0.99998	0.3361	
243.0	0.0	0.99998	0.3571	
244.0	0.0	0.99998	0.3414	
245.0	0.0	0.99998	0.3323	
246.0	0.0	0.99998	0.3262	
247.0	0.0	0.99998	0.3479	
248.0	0.0	0.99998	0.3448	
249.0	0.0	0.99998	0.3246	
250.0	0.0	0.99998	0.3399	
251.0	0.0	0.99969	0.3258	
252.0	0.0	0.99896	0.3506	
253.0	0.0	0.99854	0.3387	
254.0	0.0	0.99878	0.3334	
255.0	0.0	0.99896	0.3227	
256.0	0.0	0.99916	0.3464	
257.0	0.0	0.99841	0.3441	
258.0	0.0	0.9975	0.3231	
259.0	0.0	0.99591	0.3475	
260.0	0.0	0.99451	0.3414	
261.0	0.0	0.99376	0.3242	
262.0	0.0	0.99335	0.3422	
263.0	0.0	0.99329	0.3368	
264.0	0.0	0.993	0.354	
265.0	0.0	0.99237	0.3345	
266.0	0.0	0.99121	0.3216	
267.0	0.0	0.98946	0.3437	
268.0	0.0	0.98776	0.341	
269.0	0.0	0.98627	0.322	
270.0	0.0	0.98558	0.3395	
271.0	0.0	0.98505	0.3288	
272.0	0.0	0.98456	0.3468	
273.0	0.0	0.98419	0.3338	
274.0	0.0	0.98288	0.3197	
275.0	0.0	0.98138	0.3399	
276.0	0.0	0.97932	0.3246	
277.0	0.0	0.97743	0.3441	
278.0	0.0	0.9765	0.3429	
279.0	0.0	0.97569	0.3212	
280.0	0.0	0.97516	0.3445	
281.0	0.0	0.97443	0.3418	
282.0	0.0	0.97345	0.322	
283.0	0.0	0.9715	0.3395	
284.0	0.0	0.96942	0.3304	
285.0	0.0	0.96759	0.3452	
286.0	0.0	0.96613	0.3311	
287.0	0.0	0.96492	0.3208	
288.0	0.0	0.96422	0.3433	
289.0	0.0	0.96344	0.3361	
290.0	0.0	0.96234	0.3201	
291.0	0.0	0.96103	0.3418	
292.0	0.0	0.9588	0.3311	
293.0	0.0	0.9566	0.3437	
294.0	0.0	0.95465	0.3345	
295.0	0.0	0.95352	0.3193	
296.0	0.0	0.95262	0.3426	
297.0	0.0	0.9519	0.3307	
298.0	0.0	0.95087	0.3197	
299.0	0.0	0.94922	0.3414	
300.0	0.0	0.94696	0.3353	
301.0	0.0	0.94476	0.3483	
302.0	0.0	0.94269	0.3353	
303.0	0.0	0.94098	0.3227	
304.0	0.0	0.93976	0.3422	
305.0	0.0	0.93921	0.338	
306.0	0.0	0.93832	0.3185	
307.0	0.0	0.93683	0.3426	
308.0	0.0	0.93465	0.3281	
309.0	0.0	0.93237	0.3185	
310.0	0.0	0.92979	0.3418	
311.0	0.0	0.92804	0.333	
312.0	0.0	0.92676	0.317	
313.0	0.0	0.9259	0.3403	
314.0	0.0	0.92511	0.3288	
315.0	0.0	0.92365	0.3422	
316.0	0.0	0.92181	0.3288	
317.0	0.0	0.91943	0.3181	
318.0	0.0	0.91687	0.338	
319.0	0.0	0.91475	0.3208	
320.0	0.0	0.91327	0.3422	
321.0	0.0	0.91229	0.3315	
322.0	0.0	0.91162	0.3185	
323.0	0.0	0.91034	0.3384	
324.0	0.0	0.90868	0.3235	
325.0	0.0	0.90649	0.346	
326.0	0.0	0.90416	0.333	
327.0	0.0	0.90192	0.3242	
328.0	0.0	0.90009	0.3178	
329.0	0.0	0.89915	0.3384	
330.0	0.0	0.8985	0.3334	
331.0	0.0	0.89746	0.3193	
332.0	0.0	0.89612	0.3353	
333.0	0.0	0.89398	0.3361	
334.0	0.0	0.89185	0.3185	
335.0	0.0	0.88959	0.3414	
336.0	0.0	0.88794	0.3365	
337.0	0.0	0.88684	0.3197	
338.0	0.0	0.88582	0.3399	
339.0	0.0	0.88531	0.3342	
340.0	0.0	0.88434	0.3189	
341.0	0.0	0.88263	0.3422	
342.0	0.0	0.88074	0.3296	
343.0	0.0	0.87849	0.3189	
344.0	0.0	0.8768	0.3407	
345.0	0.0	0.87543	0.3277	
346.0	0.0	0.87482	0.3441	
347.0	0.0	0.87433	0.3319	
348.0	0.0	0.87347	0.3193	
349.0	0.0	0.87219	0.3418	
350.0	0.0	0.87054	0.3403	
351.0	0.0	0.86829	0.3189	
352.0	0.0	0.86658	0.3395	
353.0	0.0	0.86542	0.3242	
354.0	0.0	0.86475	0.3445	
355.0	0.0	0.86456	0.3296	
356.0	0.0	0.86407	0.3216	
357.0	0.0	0.8631	0.3437	
358.0	0.0	0.86163	0.3304	
359.0	0.0	0.85992	0.3201	
360.0	0.0	0.85803	0.3426	
361.0	0.0	0.85687	0.3399	
362.0	0.0	0.85638	0.3204	
363.0	0.0	0.85628	0.3403	
364.0	0.0	0.85616	0.3319	
365.0	0.0	0.85582	0.3464	
366.0	0.0	0.85474	0.3315	
367.0	0.0	0.85303	0.3201	
368.0	0.0	0.85159	0.341	
369.0	0.0	0.8504	0.3296	
370.0	0.0	0.84998	0.3586	
371.0	0.0	0.84991	0.3334	
372.0	0.0	0.84998	0.3239	
373.0	0.0	0.85004	0.346	
374.0	0.0	0.84949	0.3418	
375.0	0.0	0.8485	0.3231	
376.0	0.0	0.84705	0.3422	
377.0	0.0	0.84613	0.338	
378.0	0.0	0.84534	0.3212	
379.0	0.0	0.8454	0.3456	
380.0	0.0	0.84601	0.3399	
381.0	0.0	0.84619	0.3231	
382.0	0.0	0.84601	0.3479	
383.0	0.0	0.84523	0.3372	
384.0	0.0	0.84406	0.3304	
385.0	0.0	0.8432	0.3254	
386.0	0.0	0.84261	0.3437	
387.0	0.0	0.84259	0.3368	
388.0	0.0	0.84335	0.3246	
389.0	0.0	0.84375	0.3445	
390.0	0.0	0.84393	0.3342	
391.0	0.0	0.84338	0.3643	
392.0	0.0	0.84248	0.3376	
393.0	0.0	0.84161	0.3235	
394.0	0.0	0.84113	0.3483	
395.0	0.0	0.84125	0.3483	
396.0	0.0	0.84149	0.3479	
397.0	0.0	0.84225	0.3475	
398.0	0.0	0.84283	0.349	
399.0	0.0	0.84283	0.3498	
400.0	0.0	0.84204	0.3567	
401.0	0.0	0.84138	0.325	
402.0	0.0	0.84076	0.3262	
403.0	0.0	0.84068	0.3269	
404.0	0.0	0.84116	0.3338	
405.0	0.0	0.84174	0.3372	
406.0	0.0	0.84259	0.346	
407.0	0.0	0.8429	0.3475	
408.0	0.0	0.84261	0.3456	
409.0	0.0	0.84174	0.3456	
410.0	0.0	0.84113	0.3357	
411.0	0.0	0.84088	0.3456	
412.0	0.0	0.84137	0.3498	
413.0	0.0	0.84238	0.3521	
414.0	0.0	0.84332	0.3647	
415.0	0.0	0.84369	0.3269	
416.0	0.0	0.84357	0.3269	
417.0	0.0	0.84309	0.3296	
418.0	0.0	0.84212	0.33	
419.0	0.0	0.84181	0.3391	
420.0	0.0	0.84227	0.3376	
421.0	0.0	0.84296	0.3471	
422.0	0.0	0.84386	0.3483	
423.0	0.0	0.84436	0.3498	
424.0	0.0	0.84467	0.3498	
425.0	0.0	0.8441	0.351	
426.0	0.0	0.84326	0.3559	
427.0	0.0	0.84259	0.3319	
428.0	0.0	0.84265	0.3269	
429.0	0.0	0.84328	0.3277	
430.0	0.0	0.84412	0.3277	
431.0	0.0	0.84509	0.3292	
432.0	0.0	0.84554	0.333	
433.0	0.0	0.84492	0.3304	
434.0	0.0	0.84424	0.3387	
435.0	0.0	0.84363	0.3456	
436.0	0.0	0.84346	0.3407	
437.0	0.0	0.84406	0.349	
438.0	0.0	0.84505	0.3532	
439.0	0.0	0.8459	0.3292	
440.0	0.0	0.8465	0.3288	
441.0	0.0	0.84633	0.3407	
442.0	0.0	0.84576	0.3441	
443.0	0.0	0.84528	0.3475	
444.0	0.0	0.8448	0.3399	
445.0	0.0	0.84491	0.3475	
446.0	0.0	0.84576	0.3567	
447.0	0.0	0.84682	0.3262	
448.0	0.0	0.84747	0.3323	
449.0	0.0	0.8476	0.3399	
450.0	0.0	0.84735	0.3426	
451.0	0.0	0.84692	0.3487	
452.0	0.0	0.84619	0.3372	
453.0	0.0	0.84637	0.338	
454.0	0.0	0.84723	0.3471	
455.0	0.0	0.84814	0.3391	
456.0	0.0	0.84949	0.3437	
457.0	0.0	0.84979	0.349	
458.0	0.0	0.84955	0.351	
459.0	0.0	0.84924	0.3555	
460.0	0.0	0.84869	0.3284	
461.0	0.0	0.84888	0.3273	
462.0	0.0	0.84943	0.3315	
463.0	0.0	0.85059	0.3422	
464.0	0.0	0.85175	0.3437	
465.0	0.0	0.85248	0.351	
466.0	0.0	0.85239	0.3517	
467.0	0.0	0.85237	0.354	
468.0	0.0	0.85188	0.3284	
469.0	0.0	0.85162	0.3277	
470.0	0.0	0.85223	0.3445	
471.0	0.0	0.85345	0.3418	
472.0	0.0	0.85449	0.3506	
473.0	0.0	0.85567	0.3536	
474.0	0.0	0.85583	0.367	
475.0	0.0	0.85577	0.3281	
476.0	0.0	0.85553	0.3277	
477.0	0.0	0.85519	0.3269	
478.0	0.0	0.85556	0.3281	
479.0	0.0	0.85663	0.3269	
480.0	0.0	0.85774	0.3262	
481.0	0.0	0.85876	0.3277	
482.0	0.0	0.85931	0.3281	
483.0	0.0	0.85933	0.3384	
484.0	0.0	0.85889	0.3445	
485.0	0.0	0.8587	0.3429	
486.0	0.0	0.85907	0.341	
487.0	0.0	0.8598	0.3426	
488.0	0.0	0.86084	0.3433	
489.0	0.0	0.86212	0.3464	
490.0	0.0	0.86273	0.3452	
491.0	0.0	0.86285	0.3452	
492.0	0.0	0.86238	0.3429	
493.0	0.0	0.86205	0.3395	
494.0	0.0	0.862	0.3479	
495.0	0.0	0.8623	0.3536	
496.0	0.0	0.8634	0.3288	
497.0	0.0	0.86444	0.3269	
498.0	0.0	0.8653	0.3304	
499.0	0.0	0.86543	0.3414	
500.0	0.0	0.8653	0.3487	
501.0	0.0	0.86493	0.3395	
502.0	0.0	0.86475	0.3437	
503.0	0.0	0.86493	0.3513	
504.0	0.0	0.8656	0.3529	
505.0	0.0	0.86676	0.3296	
506.0	0.0	0.86761	0.3284	
507.0	0.0	0.86798	0.3288	
508.0	0.0	0.86777	0.3284	
509.0	0.0	0.86725	0.3342	
510.0	0.0	0.86676	0.3445	
511.0	0.0	0.86676	0.3441	
512.0	0.0	0.86731	0.3494	
513.0	0.0	0.86823	0.3456	
514.0	0.0	0.86891	0.3376	
515.0	0.0	0.86964	0.3418	
516.0	0.0	0.8692	0.3399	
517.0	0.0	0.8689	0.3422	
518.0	0.0	0.86841	0.3441	
519.0	0.0	0.8678	0.3422	
520.0	0.0	0.86835	0.3433	
521.0	0.0	0.86896	0.346	
522.0	0.0	0.86993	0.3464	
523.0	0.0	0.87048	0.3433	
524.0	0.0	0.87042	0.3441	
525.0	0.0	0.86977	0.3456	
526.0	0.0	0.8692	0.3494	
527.0	0.0	0.86865	0.3506	
528.0	0.0	0.86859	0.3532	
529.0	0.0	0.86913	0.359	
530.0	0.0	0.87	0.33	
531.0	0.0	0.87067	0.3288	
532.0	0.0	0.87067	0.3658	
533.0	0.0	0.87042	0.3605	
534.0	0.0	0.86969	0.3521	
535.0	0.0	0.86903	0.3525	
536.0	0.0	0.8689	0.3563	
537.0	0.0	0.86928	0.359	
538.0	0.0	0.87006	0.3288	
539.0	0.0	0.87082	0.3262	
540.0	0.0	0.87115	0.3273	
541.0	0.0	0.8708	0.3281	
542.0	0.0	0.87012	0.3315	
543.0	0.0	0.86969	0.3269	
544.0	0.0	0.8692	0.3281	
545.0	0.0	0.86934	0.33	
546.0	0.0	0.86987	0.3456	
547.0	0.0	0.87056	0.3414	
548.0	0.0	0.87091	0.3468	
549.0	0.0	0.87097	0.351	
550.0	0.0	0.87032	0.349	
551.0	0.0	0.86958	0.3262	
552.0	0.0	0.86896	0.3262	
553.0	0.0	0.86914	0.3326	
554.0	0.0	0.86934	0.3342	
555.0	0.0	0.87018	0.3407	
556.0	0.0	0.87073	0.3448	
557.0	0.0	0.87068	0.3384	
558.0	0.0	0.87042	0.3475	
559.0	0.0	0.86935	0.3357	
560.0	0.0	0.86867	0.3387	
561.0	0.0	0.86839	0.3433	
562.0	0.0	0.86853	0.3483	
563.0	0.0	0.8692	0.349	
564.0	0.0	0.86983	0.3506	
565.0	0.0	0.86998	0.3532	
566.0	0.0	0.86963	0.351	
567.0	0.0	0.86873	0.349	
568.0	0.0	0.86777	0.349	
569.0	0.0	0.86729	0.3536	
570.0	0.0	0.86726	0.3265	
571.0	0.0	0.8679	0.325	
572.0	0.0	0.86839	0.325	
573.0	0.0	0.86884	0.3246	
574.0	0.0	0.86859	0.3288	
575.0	0.0	0.86769	0.3338	
576.0	0.0	0.86682	0.3445	
577.0	0.0	0.86584	0.3353	
578.0	0.0	0.86562	0.3407	
579.0	0.0	0.86584	0.3437	
580.0	0.0	0.86639	0.3464	
581.0	0.0	0.86688	0.3506	
582.0	0.0	0.86644	0.3254	
583.0	0.0	0.86584	0.3246	
584.0	0.0	0.86481	0.3269	
585.0	0.0	0.86383	0.3433	
586.0	0.0	0.86322	0.3391	
587.0	0.0	0.86322	0.3349	
588.0	0.0	0.86371	0.3414	
589.0	0.0	0.86407	0.3429	
590.0	0.0	0.86407	0.3441	
591.0	0.0	0.86348	0.3437	
592.0	0.0	0.86238	0.3422	
593.0	0.0	0.86133	0.3456	
594.0	0.0	0.86053	0.3582	
595.0	0.0	0.8602	0.3235	
596.0	0.0	0.86067	0.3265	
597.0	0.0	0.86092	0.3304	
598.0	0.0	0.86095	0.3433	
599.0	0.0	0.86041	0.3338	
600.0	0.0	0.85944	0.3376	
601.0	0.0	0.85822	0.3414	
602.0	0.0	0.85718	0.3426	
603.0	0.0	0.85663	0.3445	
604.0	0.0	0.85663	0.3471	
605.0	0.0	0.85693	0.3487	
606.0	0.0	0.85709	0.3525	
607.0	0.0	0.8568	0.3635	
608.0	0.0	0.8559	0.3254	
609.0	0.0	0.85474	0.3258	
610.0	0.0	0.85378	0.3315	
611.0	0.0	0.85297	0.3456	
612.0	0.0	0.85291	0.3387	
613.0	0.0	0.85335	0.3407	
614.0	0.0	0.85358	0.3452	
615.0	0.0	0.85358	0.3471	
616.0	0.0	0.8528	0.3475	
617.0	0.0	0.85156	0.3483	
618.0	0.0	0.85031	0.349	
619.0	0.0	0.84979	0.3479	
620.0	0.0	0.84943	0.3494	
621.0	0.0	0.84955	0.3498	
622.0	0.0	0.85007	0.3563	
623.0	0.0	0.84998	0.3262	
624.0	0.0	0.84955	0.3254	
625.0	0.0	0.84845	0.3281	
626.0	0.0	0.84727	0.3368	
627.0	0.0	0.84631	0.3475	
628.0	0.0	0.84589	0.3468	
629.0	0.0	0.84613	0.3471	
630.0	0.0	0.84625	0.341	
631.0	0.0	0.84642	0.3403	
632.0	0.0	0.84601	0.3441	
633.0	0.0	0.84528	0.3441	
634.0	0.0	0.84419	0.3468	
635.0	0.0	0.84283	0.3441	
636.0	0.0	0.84241	0.3475	
637.0	0.0	0.84222	0.3513	
638.0	0.0	0.84259	0.3521	
639.0	0.0	0.84271	0.3571	
640.0	0.0	0.84242	0.3635	
641.0	0.0	0.84161	0.3296	
642.0	0.0	0.84045	0.3281	
643.0	0.0	0.83929	0.3296	
644.0	0.0	0.83838	0.3277	
645.0	0.0	0.83801	0.3284	
646.0	0.0	0.83821	0.3288	
647.0	0.0	0.83856	0.3281	
648.0	0.0	0.83839	0.3292	
649.0	0.0	0.83783	0.3296	
650.0	0.0	0.83685	0.3292	
651.0	0.0	0.83551	0.33	
652.0	0.0	0.83453	0.3304	
653.0	0.0	0.8338	0.3292	
654.0	0.0	0.83388	0.3304	
655.0	0.0	0.83417	0.3296	
656.0	0.0	0.83412	0.3681	
657.0	0.0	0.8338	0.3315	
658.0	0.0	0.83266	0.3296	
659.0	0.0	0.83148	0.3304	
660.0	0.0	0.83014	0.3304	
661.0	0.0	0.82945	0.3426	
662.0	0.0	0.82916	0.3498	
663.0	0.0	0.82928	0.3429	
664.0	0.0	0.82941	0.3414	
665.0	0.0	0.82916	0.3468	
666.0	0.0	0.82819	0.3506	
667.0	0.0	0.82698	0.3471	
668.0	0.0	0.82562	0.3437	
669.0	0.0	0.82458	0.341	
670.0	0.0	0.82428	0.3422	
671.0	0.0	0.82423	0.3399	
672.0	0.0	0.8241	0.3437	
673.0	0.0	0.8241	0.3448	
674.0	0.0	0.82333	0.3448	
675.0	0.0	0.82198	0.3338	
676.0	0.0	0.82086	0.3353	
677.0	0.0	0.81964	0.3334	
678.0	0.0	0.81891	0.3292	
679.0	0.0	0.81866	0.33	
680.0	0.0	0.81891	0.3296	
681.0	0.0	0.81871	0.3284	
682.0	0.0	0.81812	0.3288	
683.0	0.0	0.81708	0.3319	
684.0	0.0	0.81549	0.3304	
685.0	0.0	0.81433	0.3315	
686.0	0.0	0.81348	0.3292	
687.0	0.0	0.81311	0.3288	
688.0	0.0	0.81317	0.3284	
689.0	0.0	0.81317	0.3288	
690.0	0.0	0.81281	0.3284	
691.0	0.0	0.81171	0.3277	
692.0	0.0	0.81061	0.3296	
693.0	0.0	0.80914	0.3326	
694.0	0.0	0.80801	0.3307	
695.0	0.0	0.80756	0.3304	
696.0	0.0	0.8076	0.3353	
697.0	0.0	0.80768	0.3403	
698.0	0.0	0.80743	0.3326	
699.0	0.0	0.80658	0.3437	
700.0	0.0	0.80524	0.3441	
701.0	0.0	0.80379	0.3414	
702.0	0.0	0.80273	0.3414	
703.0	0.0	0.80208	0.346	
704.0	0.0	0.80206	0.3372	
705.0	0.0	0.80212	0.3414	
706.0	0.0	0.80179	0.3426	
707.0	0.0	0.80116	0.3479	
708.0	0.0	0.80023	0.351	
709.0	0.0	0.79852	0.3613	
710.0	0.0	0.79742	0.3262	
711.0	0.0	0.79657	0.3262	
712.0	0.0	0.79614	0.3277	
713.0	0.0	0.79608	0.3395	
714.0	0.0	0.79596	0.3357	
715.0	0.0	0.79559	0.3399	
716.0	0.0	0.79474	0.3448	
717.0	0.0	0.7932	0.3471	
718.0	0.0	0.7917	0.3437	
719.0	0.0	0.79041	0.341	
720.0	0.0	0.78986	0.3391	
721.0	0.0	0.78975	0.3368	
722.0	0.0	0.78975	0.3376	
723.0	0.0	0.78931	0.3395	
724.0	0.0	0.78851	0.3365	
725.0	0.0	0.78723	0.3387	
726.0	0.0	0.78552	0.3414	
727.0	0.0	0.78412	0.3448	
728.0	0.0	0.78352	0.3468	
729.0	0.0	0.78305	0.3471	
730.0	0.0	0.7832	0.346	
731.0	0.0	0.78297	0.346	
732.0	0.0	0.78246	0.3468	
733.0	0.0	0.78088	0.3628	
734.0	0.0	0.77939	0.3231	
735.0	0.0	0.77802	0.3319	
736.0	0.0	0.77698	0.3342	
737.0	0.0	0.77649	0.3407	
738.0	0.0	0.77649	0.3456	
739.0	0.0	0.77643	0.3548	
740.0	0.0	0.77586	0.3227	
741.0	0.0	0.77472	0.3246	
742.0	0.0	0.77335	0.3284	
743.0	0.0	0.77179	0.3468	
744.0	0.0	0.77051	0.3353	
745.0	0.0	0.77013	0.3422	
746.0	0.0	0.77026	0.3227	
747.0	0.0	0.76984	0.3365	
748.0	0.0	0.76959	0.3475	
749.0	0.0	0.76878	0.3227	
750.0	0.0	0.76752	0.3326	
751.0	0.0	0.76611	0.3315	
752.0	0.0	0.76479	0.3349	
753.0	0.0	0.76389	0.3307	
754.0	0.0	0.76376	0.341	
755.0	0.0	0.76387	0.3338	
756.0	0.0	0.76355	0.3315	
757.0	0.0	0.763	0.3319	
758.0	0.0	0.76169	0.3311	
759.0	0.0	0.76036	0.3326	
760.0	0.0	0.75916	0.3403	
761.0	0.0	0.75804	0.333	
762.0	0.0	0.75763	0.3288	
763.0	0.0	0.75775	0.3227	
764.0	0.0	0.75763	0.3281	
765.0	0.0	0.7572	0.3349	
766.0	0.0	0.75616	0.3391	
767.0	0.0	0.75476	0.3334	
768.0	0.0	0.75348	0.3349	
769.0	0.0	0.75232	0.3365	
770.0	0.0	0.75194	0.338	
771.0	0.0	0.75168	0.3429	
772.0	0.0	0.75183	0.3433	
773.0	0.0	0.7514	0.3429	
774.0	0.0	0.75052	0.3418	
775.0	0.0	0.74924	0.3437	
776.0	0.0	0.7478	0.3407	
777.0	0.0	0.74684	0.3376	
778.0	0.0	0.74594	0.3376	
779.0	0.0	0.7458	0.3338	
780.0	0.0	0.74573	0.3326	
781.0	0.0	0.74567	0.3311	
782.0	0.0	0.74513	0.3395	
783.0	0.0	0.74387	0.3407	
784.0	0.0	0.74249	0.3265	
785.0	0.0	0.74133	0.3201	
786.0	0.0	0.74034	0.3208	
787.0	0.0	0.74011	0.3208	
788.0	0.0	0.73997	0.3201	
789.0	0.0	0.7401	0.3201	
790.0	0.0	0.73988	0.3216	
791.0	0.0	0.73883	0.3208	
792.0	0.0	0.73724	0.3212	
793.0	0.0	0.73582	0.3483	
794.0	0.0	0.73492	0.3223	
795.0	0.0	0.73425	0.3197	
796.0	0.0	0.73425	0.3201	
797.0	0.0	0.73436	0.3208	
798.0	0.0	0.73425	0.3223	
799.0	0.0	0.7337	0.3227	
800.0	0.0	0.73238	0.3372	
801.0	0.0	0.73094	0.3315	
802.0	0.0	0.72998	0.3372	
803.0	0.0	0.72926	0.3422	
804.0	0.0	0.72923	0.3437	
805.0	0.0	0.72925	0.3544	
806.0	0.0	0.72913	0.3201	
807.0	0.0	0.72858	0.3204	
808.0	0.0	0.72748	0.3204	
809.0	0.0	0.72615	0.3269	
810.0	0.0	0.72504	0.3281	
811.0	0.0	0.72412	0.3334	
812.0	0.0	0.724	0.3288	
813.0	0.0	0.7243	0.3204	
814.0	0.0	0.72437	0.3181	
815.0	0.0	0.72394	0.3193	
816.0	0.0	0.72308	0.3494	
817.0	0.0	0.72205	0.3418	
818.0	0.0	0.72076	0.3376	
819.0	0.0	0.72005	0.3326	
820.0	0.0	0.71957	0.3311	
821.0	0.0	0.71954	0.3338	
822.0	0.0	0.71994	0.3365	
823.0	0.0	0.72006	0.3307	
824.0	0.0	0.71936	0.3216	
825.0	0.0	0.71826	0.3193	
826.0	0.0	0.71692	0.3193	
827.0	0.0	0.71579	0.3193	
828.0	0.0	0.71547	0.3208	
829.0	0.0	0.71545	0.3193	
830.0	0.0	0.71576	0.3433	
831.0	0.0	0.71594	0.3437	
832.0	0.0	0.7157	0.3532	
833.0	0.0	0.71478	0.3189	
834.0	0.0	0.71346	0.3193	
835.0	0.0	0.7121	0.3193	
836.0	0.0	0.71162	0.322	
837.0	0.0	0.71161	0.3189	
838.0	0.0	0.71191	0.3197	
839.0	0.0	0.71199	0.3197	
840.0	0.0	0.71169	0.3193	
841.0	0.0	0.71104	0.3193	
842.0	0.0	0.70998	0.3208	
843.0	0.0	0.70892	0.3193	
844.0	0.0	0.70825	0.3216	
845.0	0.0	0.70789	0.3223	
846.0	0.0	0.70831	0.3208	
847.0	0.0	0.70847	0.3193	
848.0	0.0	0.70834	0.3193	
849.0	0.0	0.70789	0.3193	
850.0	0.0	0.70673	0.3189	
851.0	0.0	0.70566	0.3475	
852.0	0.0	0.70465	0.3555	
853.0	0.0	0.70428	0.3574	
854.0	0.0	0.70432	0.3513	
855.0	0.0	0.70471	0.3445	
856.0	0.0	0.705	0.3429	
857.0	0.0	0.70477	0.3475	
858.0	0.0	0.70361	0.3597	
859.0	0.0	0.70239	0.3185	
860.0	0.0	0.7014	0.3193	
861.0	0.0	0.70087	0.3212	
862.0	0.0	0.70082	0.3288	
863.0	0.0	0.70128	0.333	
864.0	0.0	0.70123	0.3292	
865.0	0.0	0.70099	0.3284	
866.0	0.0	0.70032	0.3368	
867.0	0.0	0.6994	0.338	
868.0	0.0	0.69824	0.3399	
869.0	0.0	0.69757	0.3292	
870.0	0.0	0.69733	0.3372	
871.0	0.0	0.69745	0.3403	
872.0	0.0	0.69777	0.3315	
873.0	0.0	0.69781	0.33	
874.0	0.0	0.6972	0.3376	
875.0	0.0	0.69617	0.3296	
876.0	0.0	0.69498	0.3307	
877.0	0.0	0.69427	0.3376	
878.0	0.0	0.69379	0.3391	
879.0	0.0	0.69398	0.3395	
880.0	0.0	0.6944	0.3376	
881.0	0.0	0.69446	0.3349	
882.0	0.0	0.69409	0.3437	
883.0	0.0	0.69354	0.3231	
884.0	0.0	0.69226	0.3353	
885.0	0.0	0.69141	0.3433	
886.0	0.0	0.69075	0.3349	
887.0	0.0	0.69063	0.3395	
888.0	0.0	0.69092	0.3384	
889.0	0.0	0.69113	0.3414	
890.0	0.0	0.69112	0.3387	
891.0	0.0	0.69049	0.3391	
892.0	0.0	0.68951	0.3387	
893.0	0.0	0.68854	0.3384	
894.0	0.0	0.68774	0.3368	
895.0	0.0	0.68762	0.3387	
896.0	0.0	0.68805	0.3414	
897.0	0.0	0.68835	0.3418	
898.0	0.0	0.68861	0.3414	
899.0	0.0	0.68805	0.3403	
900.0	0.0	0.68709	0.3414	
901.0	0.0	0.68597	0.341	
902.0	0.0	0.68542	0.3429	
903.0	0.0	0.68501	0.3441	
904.0	0.0	0.68536	0.3437	
905.0	0.0	0.68585	0.3426	
906.0	0.0	0.68605	0.3399	
907.0	0.0	0.68588	0.3426	
908.0	0.0	0.6853	0.3437	
909.0	0.0	0.6842	0.3403	
910.0	0.0	0.68343	0.341	
911.0	0.0	0.68311	0.3445	
912.0	0.0	0.6832	0.3445	
913.0	0.0	0.68369	0.3445	
914.0	0.0	0.6839	0.3445	
915.0	0.0	0.68387	0.3487	
916.0	0.0	0.68335	0.3628	
917.0	0.0	0.68251	0.3239	
918.0	0.0	0.68166	0.3227	
919.0	0.0	0.68097	0.3223	
920.0	0.0	0.68103	0.3231	
921.0	0.0	0.68153	0.3223	
922.0	0.0	0.68213	0.3235	
923.0	0.0	0.68237	0.3227	
924.0	0.0	0.68204	0.3292	
925.0	0.0	0.68121	0.3376	
926.0	0.0	0.68011	0.3307	
927.0	0.0	0.67944	0.3323	
928.0	0.0	0.67932	0.3368	
929.0	0.0	0.67955	0.3391	
930.0	0.0	0.68025	0.3437	
931.0	0.0	0.68054	0.3433	
932.0	0.0	0.68066	0.3452	
933.0	0.0	0.67987	0.3498	
934.0	0.0	0.67902	0.3242	
935.0	0.0	0.6781	0.3231	
936.0	0.0	0.67792	0.3235	
937.0	0.0	0.67818	0.3227	
938.0	0.0	0.67867	0.3227	
939.0	0.0	0.67914	0.3262	
940.0	0.0	0.67914	0.3292	
941.0	0.0	0.67853	0.3315	
942.0	0.0	0.67763	0.3296	
943.0	0.0	0.67665	0.3296	
944.0	0.0	0.67621	0.3338	
945.0	0.0	0.67609	0.3326	
946.0	0.0	0.67664	0.3365	
947.0	0.0	0.67706	0.3368	
948.0	0.0	0.67734	0.3387	
949.0	0.0	0.67702	0.3338	
950.0	0.0	0.67603	0.3319	
951.0	0.0	0.675	0.3334	
952.0	0.0	0.67415	0.3326	
953.0	0.0	0.67395	0.3323	
954.0	0.0	0.67438	0.3361	
955.0	0.0	0.67487	0.3387	
956.0	0.0	0.67523	0.3414	
957.0	0.0	0.6748	0.3437	
958.0	0.0	0.67389	0.3395	
959.0	0.0	0.67279	0.3437	
960.0	0.0	0.67198	0.3429	
961.0	0.0	0.67145	0.3418	
962.0	0.0	0.67163	0.3437	
963.0	0.0	0.67198	0.3441	
964.0	0.0	0.67227	0.3407	
965.0	0.0	0.67224	0.3437	
966.0	0.0	0.67165	0.3433	
967.0	0.0	0.67056	0.3345	
968.0	0.0	0.66956	0.3429	
969.0	0.0	0.66888	0.3437	
970.0	0.0	0.66869	0.3437	
971.0	0.0	0.66891	0.3403	
972.0	0.0	0.66949	0.3376	
973.0	0.0	0.66949	0.3399	
974.0	0.0	0.66896	0.3368	
975.0	0.0	0.66811	0.3429	
976.0	0.0	0.66693	0.3426	
977.0	0.0	0.6662	0.3433	
978.0	0.0	0.66585	0.3437	
979.0	0.0	0.66609	0.333	
980.0	0.0	0.66647	0.333	
981.0	0.0	0.66669	0.3353	
982.0	0.0	0.66637	0.3357	
983.0	0.0	0.66559	0.3384	
984.0	0.0	0.66444	0.3365	
985.0	0.0	0.66339	0.338	
986.0	0.0	0.66299	0.3387	
987.0	0.0	0.66315	0.338	
988.0	0.0	0.66351	0.3353	
989.0	0.0	0.6637	0.3349	
990.0	0.0	0.66347	0.3372	
991.0	0.0	0.66278	0.3353	
992.0	0.0	0.66183	0.3361	
993.0	0.0	0.66083	0.3372	
994.0	0.0	0.66005	0.3441	
995.0	0.0	0.65985	0.3391	
996.0	0.0	0.66029	0.3395	
997.0	0.0	0.66064	0.333	
998.0	0.0	0.66054	0.3334	
999.0	0.0	0.65988	0.3311	
1000.0	0.0	0.65912	0.333	
1001.0	0.0	0.65796	0.3338	
1002.0	0.0	0.65707	0.3426	
1003.0	0.0	0.65681	0.3368	
1004.0	0.0	0.65694	0.3372	
1005.0	0.0	0.65717	0.338	
1006.0	0.0	0.65723	0.3399	
1007.0	0.0	0.65704	0.3365	
1008.0	0.0	0.65598	0.3349	
1009.0	0.0	0.65497	0.3353	
1010.0	0.0	0.65387	0.3403	
1011.0	0.0	0.65338	0.3448	
1012.0	0.0	0.65344	0.3376	
1013.0	0.0	0.65375	0.3399	
1014.0	0.0	0.65419	0.3448	
1015.0	0.0	0.65427	0.3448	
1016.0	0.0	0.65314	0.3273	
1017.0	0.0	0.6521	0.3426	
1018.0	0.0	0.651	0.3494	
1019.0	0.0	0.65051	0.3326	
1020.0	0.0	0.65039	0.3426	
1021.0	0.0	0.6507	0.3262	
1022.0	0.0	0.65106	0.3277	
1023.0	0.0	0.6512	0.3365	
1024.0	0.0	0.65076	0.3372	
1025.0	0.0	0.6496	0.3429	
1026.0	0.0	0.64874	0.3368	
1027.0	0.0	0.64792	0.3445	
1028.0	0.0	0.64771	0.3422	
1029.0	0.0	0.64789	0.3445	
1030.0	0.0	0.6483	0.3387	
1031.0	0.0	0.64856	0.3437	
1032.0	0.0	0.64838	0.3452	
1033.0	0.0	0.64771	0.3437	
1034.0	0.0	0.64655	0.3345	
1035.0	0.0	0.64563	0.3365	
1036.0	0.0	0.6452	0.3387	
1037.0	0.0	0.64551	0.3433	
1038.0	0.0	0.64594	0.3407	
1039.0	0.0	0.64639	0.3441	
1040.0	0.0	0.6463	0.3422	
1041.0	0.0	0.64571	0.3418	
1042.0	0.0	0.64479	0.3441	
1043.0	0.0	0.64374	0.341	
1044.0	0.0	0.64313	0.3445	
1045.0	0.0	0.64313	0.3376	
1046.0	0.0	0.64343	0.3284	
1047.0	0.0	0.6441	0.3296	
1048.0	0.0	0.64417	0.3277	
1049.0	0.0	0.64355	0.3269	
1050.0	0.0	0.64268	0.3281	
1051.0	0.0	0.64178	0.3292	
1052.0	0.0	0.64095	0.3281	
1053.0	0.0	0.64072	0.3357	
1054.0	0.0	0.64105	0.3448	
1055.0	0.0	0.64148	0.3429	
1056.0	0.0	0.64178	0.3448	
1057.0	0.0	0.64142	0.3372	
1058.0	0.0	0.64059	0.338	
1059.0	0.0	0.6396	0.3399	
1060.0	0.0	0.63861	0.3407	
1061.0	0.0	0.63818	0.3426	
1062.0	0.0	0.63818	0.3437	
1063.0	0.0	0.63849	0.3468	
1064.0	0.0	0.6391	0.3464	
1065.0	0.0	0.63873	0.3456	
1066.0	0.0	0.638	0.3437	
1067.0	0.0	0.63702	0.3445	
1068.0	0.0	0.63583	0.346	
1069.0	0.0	0.63519	0.3479	
1070.0	0.0	0.63501	0.3475	
1071.0	0.0	0.63509	0.3483	
1072.0	0.0	0.63544	0.3563	
1073.0	0.0	0.6355	0.3262	
1074.0	0.0	0.63495	0.3258	
1075.0	0.0	0.63364	0.3262	
1076.0	0.0	0.63246	0.3254	
1077.0	0.0	0.63155	0.3242	
1078.0	0.0	0.63109	0.3269	
1079.0	0.0	0.63116	0.3273	
1080.0	0.0	0.63133	0.3273	
1081.0	0.0	0.63142	0.3315	
1082.0	0.0	0.63094	0.3349	
1083.0	0.0	0.62987	0.3304	
1084.0	0.0	0.62872	0.3288	
1085.0	0.0	0.6275	0.3277	
1086.0	0.0	0.62689	0.3262	
1087.0	0.0	0.62685	0.3281	
1088.0	0.0	0.62701	0.3273	
1089.0	0.0	0.62712	0.3258	
1090.0	0.0	0.62677	0.3246	
1091.0	0.0	0.62584	0.3258	
1092.0	0.0	0.62457	0.3262	
1093.0	0.0	0.62337	0.3262	
1094.0	0.0	0.62254	0.3258	
1095.0	0.0	0.62225	0.3277	
1096.0	0.0	0.62225	0.333	
1097.0	0.0	0.62244	0.3403	
1098.0	0.0	0.62219	0.3345	
1099.0	0.0	0.62132	0.3357	
1100.0	0.0	0.62006	0.3387	
1101.0	0.0	0.61865	0.3437	
1102.0	0.0	0.61771	0.3441	
1103.0	0.0	0.61713	0.3464	
1104.0	0.0	0.61725	0.3475	
1105.0	0.0	0.61726	0.3559	
1106.0	0.0	0.61725	0.3239	
1107.0	0.0	0.61658	0.3262	
1108.0	0.0	0.61542	0.3361	
1109.0	0.0	0.61401	0.3353	
1110.0	0.0	0.61279	0.3403	
1111.0	0.0	0.61208	0.3429	
1112.0	0.0	0.61206	0.3471	
1113.0	0.0	0.61227	0.346	
1114.0	0.0	0.61237	0.3483	
1115.0	0.0	0.61182	0.3647	
1116.0	0.0	0.6109	0.325	
1117.0	0.0	0.60956	0.3254	
1118.0	0.0	0.60831	0.3258	
1119.0	0.0	0.60764	0.3311	
1120.0	0.0	0.60719	0.3365	
1121.0	0.0	0.60742	0.3345	
1122.0	0.0	0.60748	0.3418	
1123.0	0.0	0.60724	0.3433	
1124.0	0.0	0.60657	0.3445	
1125.0	0.0	0.60532	0.3479	
1126.0	0.0	0.60397	0.3479	
1127.0	0.0	0.60315	0.3464	
1128.0	0.0	0.60284	0.346	
1129.0	0.0	0.60303	0.3471	
1130.0	0.0	0.60309	0.3471	
1131.0	0.0	0.60309	0.3468	
1132.0	0.0	0.60249	0.3471	
1133.0	0.0	0.60141	0.3479	
1134.0	0.0	0.6001	0.349	
1135.0	0.0	0.59914	0.3265	
1136.0	0.0	0.59851	0.3269	
1137.0	0.0	0.59842	0.325	
1138.0	0.0	0.59869	0.3265	
1139.0	0.0	0.59875	0.3262	
1140.0	0.0	0.59863	0.3296	
1141.0	0.0	0.59766	0.3353	
1142.0	0.0	0.59645	0.338	
1143.0	0.0	0.59534	0.3426	
1144.0	0.0	0.59474	0.3445	
1145.0	0.0	0.59454	0.3368	
1146.0	0.0	0.59474	0.3395	
1147.0	0.0	0.59509	0.3384	
1148.0	0.0	0.59515	0.3349	
1149.0	0.0	0.59454	0.3353	
1150.0	0.0	0.59344	0.3452	
1151.0	0.0	0.59241	0.3342	
1152.0	0.0	0.59155	0.3403	
1153.0	0.0	0.59143	0.3452	
1154.0	0.0	0.59148	0.3475	
1155.0	0.0	0.59203	0.3487	
1156.0	0.0	0.5921	0.3494	
1157.0	0.0	0.59178	0.3498	
1158.0	0.0	0.59077	0.351	
1159.0	0.0	0.58954	0.3536	
1160.0	0.0	0.58868	0.3284	
1161.0	0.0	0.58824	0.3284	
1162.0	0.0	0.5885	0.3292	
1163.0	0.0	0.58899	0.3296	
1164.0	0.0	0.58942	0.3273	
1165.0	0.0	0.58923	0.3288	
1166.0	0.0	0.58858	0.3551	
1167.0	0.0	0.58752	0.3448	
1168.0	0.0	0.58661	0.3368	
1169.0	0.0	0.586	0.338	
1170.0	0.0	0.58617	0.33	
1171.0	0.0	0.58649	0.3284	
1172.0	0.0	0.58699	0.3269	
1173.0	0.0	0.58722	0.3315	
1174.0	0.0	0.58676	0.3586	
1175.0	0.0	0.58594	0.3498	
1176.0	0.0	0.5851	0.3483	
1177.0	0.0	0.58453	0.349	
1178.0	0.0	0.58441	0.3475	
1179.0	0.0	0.58478	0.3498	
1180.0	0.0	0.58531	0.3448	
1181.0	0.0	0.58543	0.341	
1182.0	0.0	0.58551	0.3384	
1183.0	0.0	0.58467	0.338	
1184.0	0.0	0.58368	0.3441	
1185.0	0.0	0.58282	0.3448	
1186.0	0.0	0.58261	0.3471	
1187.0	0.0	0.58295	0.3471	
1188.0	0.0	0.58337	0.338	
1189.0	0.0	0.58394	0.346	
1190.0	0.0	0.584	0.3422	
1191.0	0.0	0.58345	0.3456	
1192.0	0.0	0.58258	0.3426	
1193.0	0.0	0.58177	0.3414	
1194.0	0.0	0.5813	0.346	
1195.0	0.0	0.5815	0.338	
1196.0	0.0	0.58203	0.3468	
1197.0	0.0	0.5826	0.346	
1198.0	0.0	0.58295	0.3441	
1199.0	0.0	0.58264	0.3429	
1200.0	0.0	0.58185	0.3445	
1201.0	0.0	0.58093	0.3448	
1202.0	0.0	0.58047	0.3407	
1203.0	0.0	0.5804	0.3315	
1204.0	0.0	0.58102	0.33	
1205.0	0.0	0.58173	0.3296	
1206.0	0.0	0.58224	0.3685	
1207.0	0.0	0.58234	0.3521	
1208.0	0.0	0.58162	0.3487	
1209.0	0.0	0.58081	0.3445	
1210.0	0.0	0.5802	0.3399	
1211.0	0.0	0.5802	0.3464	
1212.0	0.0	0.58063	0.346	
1213.0	0.0	0.58124	0.3456	
1214.0	0.0	0.58168	0.3475	
1215.0	0.0	0.582	0.3433	
1216.0	0.0	0.58148	0.3395	
1217.0	0.0	0.58067	0.3334	
1218.0	0.0	0.58003	0.3315	
1219.0	0.0	0.57953	0.3315	
1220.0	0.0	0.5799	0.3315	
1221.0	0.0	0.58022	0.3292	
1222.0	0.0	0.58105	0.3296	
1223.0	0.0	0.5813	0.3292	
1224.0	0.0	0.58107	0.3292	
1225.0	0.0	0.5802	0.3304	
1226.0	0.0	0.57959	0.3292	
1227.0	0.0	0.57898	0.3719	
1228.0	0.0	0.5791	0.354	
1229.0	0.0	0.57962	0.3498	
1230.0	0.0	0.58035	0.3452	
1231.0	0.0	0.58075	0.3437	
1232.0	0.0	0.58063	0.3429	
1233.0	0.0	0.58005	0.3391	
1234.0	0.0	0.57918	0.3399	
1235.0	0.0	0.57845	0.3399	
1236.0	0.0	0.57849	0.3391	
1237.0	0.0	0.57884	0.3464	
1238.0	0.0	0.57948	0.3441	
1239.0	0.0	0.57996	0.3475	
1240.0	0.0	0.58006	0.3468	
1241.0	0.0	0.57953	0.3456	
1242.0	0.0	0.57877	0.3395	
1243.0	0.0	0.57808	0.3479	
1244.0	0.0	0.57765	0.3441	
1245.0	0.0	0.57799	0.3422	
1246.0	0.0	0.57849	0.3433	
1247.0	0.0	0.57904	0.3441	
1248.0	0.0	0.57928	0.3456	
1249.0	0.0	0.57904	0.338	
1250.0	0.0	0.57816	0.3387	
1251.0	0.0	0.57727	0.3395	
1252.0	0.0	0.57686	0.3445	
1253.0	0.0	0.57689	0.349	
1254.0	0.0	0.57741	0.3502	
1255.0	0.0	0.57806	0.3525	
1256.0	0.0	0.5782	0.3513	
1257.0	0.0	0.57819	0.3578	
1258.0	0.0	0.57755	0.3284	
1259.0	0.0	0.57668	0.3292	
1260.0	0.0	0.57611	0.3277	
1261.0	0.0	0.57587	0.3292	
1262.0	0.0	0.57617	0.3281	
1263.0	0.0	0.57684	0.3292	
1264.0	0.0	0.57718	0.3277	
1265.0	0.0	0.57721	0.3277	
1266.0	0.0	0.57678	0.3292	
1267.0	0.0	0.5759	0.3441	
1268.0	0.0	0.57526	0.3387	
1269.0	0.0	0.57465	0.3475	
1270.0	0.0	0.57489	0.3502	
1271.0	0.0	0.57544	0.3658	
1272.0	0.0	0.57611	0.3284	
1273.0	0.0	0.57635	0.3304	
1274.0	0.0	0.57611	0.3414	
1275.0	0.0	0.57532	0.338	
1276.0	0.0	0.57465	0.3395	
1277.0	0.0	0.57422	0.3452	
1278.0	0.0	0.57423	0.3471	
1279.0	0.0	0.57472	0.3498	
1280.0	0.0	0.5752	0.3284	
1281.0	0.0	0.57562	0.3265	
1282.0	0.0	0.57533	0.3319	
1283.0	0.0	0.57503	0.3426	
1284.0	0.0	0.57434	0.333	
1285.0	0.0	0.5737	0.3487	
1286.0	0.0	0.57373	0.3418	
1287.0	0.0	0.57419	0.351	
1288.0	0.0	0.57492	0.3426	
1289.0	0.0	0.57535	0.3567	
1290.0	0.0	0.57568	0.3403	
1291.0	0.0	0.5752	0.3548	
1292.0	0.0	0.57434	0.3441	
1293.0	0.0	0.57362	0.3487	
1294.0	0.0	0.57338	0.3407	
1295.0	0.0	0.57367	0.346	
1296.0	0.0	0.5741	0.3277	
1297.0	0.0	0.57478	0.341	
1298.0	0.0	0.57501	0.3254	
1299.0	0.0	0.57484	0.3365	
1300.0	0.0	0.57404	0.3387	
1301.0	0.0	0.57343	0.3422	
1302.0	0.0	0.57275	0.3372	
1303.0	0.0	0.57285	0.3288	
1304.0	0.0	0.5733	0.3311	
1305.0	0.0	0.57405	0.3288	
1306.0	0.0	0.57446	0.3269	
1307.0	0.0	0.57428	0.3288	
1308.0	0.0	0.57391	0.3319	
1309.0	0.0	0.57306	0.3292	
1310.0	0.0	0.57222	0.3361	
1311.0	0.0	0.57208	0.3372	
1312.0	0.0	0.57248	0.3414	
1313.0	0.0	0.57318	0.3372	
1314.0	0.0	0.57373	0.33	
1315.0	0.0	0.57385	0.3292	
1316.0	0.0	0.57339	0.3262	
1317.0	0.0	0.57249	0.3239	
1318.0	0.0	0.57172	0.325	
1319.0	0.0	0.5713	0.3258	
1320.0	0.0	0.57147	0.3258	
1321.0	0.0	0.57208	0.3582	
1322.0	0.0	0.57263	0.3548	
1323.0	0.0	0.57298	0.3445	
1324.0	0.0	0.57263	0.3407	
1325.0	0.0	0.57184	0.3372	
1326.0	0.0	0.57104	0.3342	
1327.0	0.0	0.5705	0.3353	
1328.0	0.0	0.57056	0.3353	
1329.0	0.0	0.57094	0.3357	
1330.0	0.0	0.57166	0.3357	
1331.0	0.0	0.57204	0.3345	
1332.0	0.0	0.5719	0.3319	
1333.0	0.0	0.57129	0.3349	
1334.0	0.0	0.57013	0.3345	
1335.0	0.0	0.56964	0.3326	
1336.0	0.0	0.56929	0.3319	
1337.0	0.0	0.56982	0.3319	
1338.0	0.0	0.57022	0.3315	
1339.0	0.0	0.57074	0.3391	
1340.0	0.0	0.57082	0.3326	
1341.0	0.0	0.57025	0.3281	
1342.0	0.0	0.56931	0.3239	
1343.0	0.0	0.56854	0.325	
1344.0	0.0	0.56793	0.3246	
1345.0	0.0	0.56812	0.3269	
1346.0	0.0	0.56854	0.3292	
1347.0	0.0	0.56898	0.3304	
1348.0	0.0	0.56915	0.33	
1349.0	0.0	0.56885	0.3292	
1350.0	0.0	0.56813	0.3384	
1351.0	0.0	0.56721	0.3311	
1352.0	0.0	0.56671	0.3353	
1353.0	0.0	0.56665	0.3426	
1354.0	0.0	0.56696	0.3433	
1355.0	0.0	0.56752	0.3445	
1356.0	0.0	0.56784	0.3525	
1357.0	0.0	0.56763	0.3227	
1358.0	0.0	0.56702	0.3227	
1359.0	0.0	0.56589	0.3239	
1360.0	0.0	0.56512	0.3208	
1361.0	0.0	0.56482	0.325	
1362.0	0.0	0.56497	0.3345	
1363.0	0.0	0.56549	0.333	
1364.0	0.0	0.56592	0.3307	
1365.0	0.0	0.56575	0.3357	
1366.0	0.0	0.56528	0.3361	
1367.0	0.0	0.56445	0.3372	
1368.0	0.0	0.56354	0.3384	
1369.0	0.0	0.56319	0.3384	
1370.0	0.0	0.56319	0.3353	
1371.0	0.0	0.56366	0.3319	
1372.0	0.0	0.56416	0.3315	
1373.0	0.0	0.56427	0.3311	
1374.0	0.0	0.5639	0.3372	
1375.0	0.0	0.56323	0.3399	
1376.0	0.0	0.56219	0.3311	
1377.0	0.0	0.56149	0.3231	
1378.0	0.0	0.56149	0.3235	
1379.0	0.0	0.56195	0.325	
1380.0	0.0	0.56252	0.3235	
1381.0	0.0	0.56285	0.3212	
1382.0	0.0	0.56256	0.3223	
1383.0	0.0	0.56184	0.3235	
1384.0	0.0	0.5611	0.3246	
1385.0	0.0	0.56036	0.3235	
1386.0	0.0	0.5603	0.3223	
1387.0	0.0	0.56055	0.3231	
1388.0	0.0	0.5611	0.3235	
1389.0	0.0	0.56158	0.3281	
1390.0	0.0	0.56143	0.3338	
1391.0	0.0	0.56085	0.3349	
1392.0	0.0	0.56001	0.3372	
1393.0	0.0	0.55928	0.3395	
1394.0	0.0	0.55891	0.3407	
1395.0	0.0	0.55908	0.3395	
1396.0	0.0	0.5596	0.3315	
1397.0	0.0	0.55994	0.3376	
1398.0	0.0	0.56018	0.3273	
1399.0	0.0	0.55965	0.3242	
1400.0	0.0	0.55898	0.3231	
1401.0	0.0	0.55804	0.3223	
1402.0	0.0	0.55757	0.322	
1403.0	0.0	0.55737	0.3231	
1404.0	0.0	0.55774	0.3227	
1405.0	0.0	0.55817	0.3651	
1406.0	0.0	0.55847	0.3452	
1407.0	0.0	0.55835	0.349	
1408.0	0.0	0.55774	0.3433	
1409.0	0.0	0.55672	0.3506	
1410.0	0.0	0.55626	0.3498	
1411.0	0.0	0.55585	0.3445	
1412.0	0.0	0.55615	0.3433	
1413.0	0.0	0.55682	0.3414	
1414.0	0.0	0.55721	0.3414	
1415.0	0.0	0.55719	0.3429	
1416.0	0.0	0.55663	0.3418	
1417.0	0.0	0.55576	0.3426	
1418.0	0.0	0.55487	0.3399	
1419.0	0.0	0.55438	0.3376	
1420.0	0.0	0.55438	0.3307	
1421.0	0.0	0.55493	0.3311	
1422.0	0.0	0.5555	0.3315	
1423.0	0.0	0.5556	0.3323	
1424.0	0.0	0.55527	0.333	
1425.0	0.0	0.55434	0.3326	
1426.0	0.0	0.55345	0.3319	
1427.0	0.0	0.55293	0.3345	
1428.0	0.0	0.5528	0.3326	
1429.0	0.0	0.55322	0.3353	
1430.0	0.0	0.55371	0.3353	
1431.0	0.0	0.55402	0.338	
1432.0	0.0	0.55377	0.3372	
1433.0	0.0	0.55305	0.338	
1434.0	0.0	0.55217	0.3342	
1435.0	0.0	0.55133	0.3345	
1436.0	0.0	0.55109	0.3304	
1437.0	0.0	0.55116	0.333	
1438.0	0.0	0.55173	0.3345	
1439.0	0.0	0.5522	0.3414	
1440.0	0.0	0.55206	0.3395	
1441.0	0.0	0.55151	0.3315	
1442.0	0.0	0.55037	0.3315	
1443.0	0.0	0.54944	0.3414	
1444.0	0.0	0.54883	0.3399	
1445.0	0.0	0.5489	0.3296	
1446.0	0.0	0.54919	0.3235	
1447.0	0.0	0.54987	0.3239	
1448.0	0.0	0.54996	0.3231	
1449.0	0.0	0.54941	0.3624	
1450.0	0.0	0.54874	0.3448	
1451.0	0.0	0.54773	0.3414	
1452.0	0.0	0.54706	0.3365	
1453.0	0.0	0.54694	0.3407	
1454.0	0.0	0.54736	0.3334	
1455.0	0.0	0.54776	0.3296	
1456.0	0.0	0.54803	0.3254	
1457.0	0.0	0.54773	0.3242	
1458.0	0.0	0.54694	0.3563	
1459.0	0.0	0.54616	0.346	
1460.0	0.0	0.54523	0.3441	
1461.0	0.0	0.54498	0.3429	
1462.0	0.0	0.54517	0.3433	
1463.0	0.0	0.54565	0.3441	
1464.0	0.0	0.54614	0.3384	
1465.0	0.0	0.54596	0.3342	
1466.0	0.0	0.54523	0.3353	
1467.0	0.0	0.54428	0.325	
1468.0	0.0	0.54346	0.3254	
1469.0	0.0	0.54298	0.325	
1470.0	0.0	0.54297	0.3269	
1471.0	0.0	0.54356	0.3494	
1472.0	0.0	0.54401	0.3483	
1473.0	0.0	0.54398	0.3464	
1474.0	0.0	0.54353	0.3433	
1475.0	0.0	0.54257	0.3399	
1476.0	0.0	0.54163	0.3338	
1477.0	0.0	0.54114	0.3429	
1478.0	0.0	0.54083	0.3311	
1479.0	0.0	0.54108	0.3269	
1480.0	0.0	0.54156	0.3262	
1481.0	0.0	0.54156	0.3265	
1482.0	0.0	0.54123	0.3559	
1483.0	0.0	0.54019	0.3471	
1484.0	0.0	0.53937	0.3471	
1485.0	0.0	0.53857	0.3468	
1486.0	0.0	0.53828	0.3471	
1487.0	0.0	0.5386	0.3422	
1488.0	0.0	0.53894	0.349	
1489.0	0.0	0.53943	0.3262	
1490.0	0.0	0.53906	0.341	
1491.0	0.0	0.53851	0.346	
1492.0	0.0	0.53749	0.3448	
1493.0	0.0	0.5365	0.341	
1494.0	0.0	0.53619	0.3357	
1495.0	0.0	0.53613	0.3445	
1496.0	0.0	0.53645	0.3433	
1497.0	0.0	0.53694	0.3437	
1498.0	0.0	0.53693	0.3429	
1499.0	0.0	0.53625	0.3422	
1500.0	0.0	0.53534	0.3407	
1501.0	0.0	0.53418	0.3376	
1502.0	0.0	0.53348	0.3372	
1503.0	0.0	0.53339	0.3296	
1504.0	0.0	0.53343	0.3319	
1505.0	0.0	0.53387	0.3414	
1506.0	0.0	0.534	0.3422	
1507.0	0.0	0.53351	0.3441	
1508.0	0.0	0.53253	0.3437	
1509.0	0.0	0.53156	0.341	
1510.0	0.0	0.53064	0.3418	
1511.0	0.0	0.53	0.3422	
1512.0	0.0	0.53033	0.3365	
1513.0	0.0	0.53059	0.3384	
1514.0	0.0	0.53079	0.3334	
1515.0	0.0	0.53052	0.3319	
1516.0	0.0	0.52972	0.3269	
1517.0	0.0	0.52882	0.3262	
1518.0	0.0	0.52769	0.3265	
1519.0	0.0	0.52698	0.3254	
1520.0	0.0	0.52698	0.362	
1521.0	0.0	0.52731	0.349	
1522.0	0.0	0.52756	0.3456	
1523.0	0.0	0.52753	0.3445	
1524.0	0.0	0.52679	0.3376	
1525.0	0.0	0.52594	0.3418	
1526.0	0.0	0.52455	0.3292	
1527.0	0.0	0.52386	0.3269	
1528.0	0.0	0.5235	0.3258	
1529.0	0.0	0.52367	0.3254	
1530.0	0.0	0.52388	0.3258	
1531.0	0.0	0.52386	0.3445	
1532.0	0.0	0.5233	0.3399	
1533.0	0.0	0.52242	0.3429	
1534.0	0.0	0.52119	0.3277	
1535.0	0.0	0.52032	0.3254	
1536.0	0.0	0.51999	0.3475	
1537.0	0.0	0.52008	0.3418	
1538.0	0.0	0.52036	0.3372	
1539.0	0.0	0.52042	0.3361	
1540.0	0.0	0.52	0.3323	
1541.0	0.0	0.51917	0.3334	
1542.0	0.0	0.51781	0.3357	
1543.0	0.0	0.51666	0.3361	
1544.0	0.0	0.51601	0.3342	
1545.0	0.0	0.51588	0.3342	
1546.0	0.0	0.51619	0.3319	
1547.0	0.0	0.5166	0.3414	
1548.0	0.0	0.51648	0.3372	
1549.0	0.0	0.51584	0.3323	
1550.0	0.0	0.51471	0.3315	
1551.0	0.0	0.51373	0.3395	
1552.0	0.0	0.51288	0.3361	
1553.0	0.0	0.51263	0.3368	
1554.0	0.0	0.513	0.3304	
1555.0	0.0	0.51332	0.3262	
1556.0	0.0	0.51355	0.3254	
1557.0	0.0	0.51295	0.3231	
1558.0	0.0	0.51204	0.3235	
1559.0	0.0	0.51086	0.325	
1560.0	0.0	0.50989	0.3651	
1561.0	0.0	0.50946	0.3235	
1562.0	0.0	0.50952	0.3231	
1563.0	0.0	0.50989	0.3246	
1564.0	0.0	0.51019	0.3246	
1565.0	0.0	0.50983	0.3242	
1566.0	0.0	0.50909	0.3277	
1567.0	0.0	0.50784	0.3273	
1568.0	0.0	0.50665	0.3307	
1569.0	0.0	0.50592	0.3304	
1570.0	0.0	0.50586	0.3281	
1571.0	0.0	0.50616	0.3319	
1572.0	0.0	0.50635	0.3342	
1573.0	0.0	0.50629	0.3391	
1574.0	0.0	0.50563	0.33	
1575.0	0.0	0.50447	0.3315	
1576.0	0.0	0.50343	0.3342	
1577.0	0.0	0.50267	0.3319	
1578.0	0.0	0.50246	0.3304	
1579.0	0.0	0.5025	0.3365	
1580.0	0.0	0.50293	0.3262	
1581.0	0.0	0.50293	0.3246	
1582.0	0.0	0.5025	0.322	
1583.0	0.0	0.50177	0.3239	
1584.0	0.0	0.50055	0.3445	
1585.0	0.0	0.49957	0.3429	
1586.0	0.0	0.49934	0.3441	
1587.0	0.0	0.49937	0.3441	
1588.0	0.0	0.49988	0.3441	
1589.0	0.0	0.50009	0.3433	
1590.0	0.0	0.50006	0.3426	
1591.0	0.0	0.49921	0.3422	
1592.0	0.0	0.49799	0.3426	
1593.0	0.0	0.49696	0.3223	
1594.0	0.0	0.4966	0.3212	
1595.0	0.0	0.49658	0.322	
1596.0	0.0	0.49695	0.322	
1597.0	0.0	0.49738	0.3231	
1598.0	0.0	0.49738	0.3231	
1599.0	0.0	0.49664	0.3597	
1600.0	0.0	0.49561	0.3441	
1601.0	0.0	0.49451	0.3414	
1602.0	0.0	0.49373	0.3395	
1603.0	0.0	0.49371	0.3384	
1604.0	0.0	0.49397	0.333	
1605.0	0.0	0.49445	0.3384	
1606.0	0.0	0.49457	0.3273	
1607.0	0.0	0.49423	0.3227	
1608.0	0.0	0.49347	0.3208	
1609.0	0.0	0.49225	0.322	
1610.0	0.0	0.49139	0.3223	
1611.0	0.0	0.49104	0.3208	
1612.0	0.0	0.49129	0.3208	
1613.0	0.0	0.4917	0.3212	
1614.0	0.0	0.49213	0.3223	
1615.0	0.0	0.49188	0.3212	
1616.0	0.0	0.49115	0.3223	
1617.0	0.0	0.49017	0.322	
1618.0	0.0	0.48932	0.3246	
1619.0	0.0	0.48872	0.3231	
1620.0	0.0	0.48883	0.3231	
1621.0	0.0	0.48914	0.3578	
1622.0	0.0	0.48961	0.3487	
1623.0	0.0	0.48952	0.3479	
1624.0	0.0	0.48901	0.3437	
1625.0	0.0	0.48788	0.3414	
1626.0	0.0	0.48685	0.3407	
1627.0	0.0	0.48607	0.3368	
1628.0	0.0	0.48604	0.3342	
1629.0	0.0	0.48627	0.3315	
1630.0	0.0	0.48663	0.3315	
1631.0	0.0	0.48679	0.3319	
1632.0	0.0	0.48643	0.3368	
1633.0	0.0	0.48547	0.3345	
1634.0	0.0	0.48438	0.3376	
1635.0	0.0	0.48347	0.3407	
1636.0	0.0	0.48323	0.3422	
1637.0	0.0	0.4832	0.3414	
1638.0	0.0	0.48386	0.3429	
1639.0	0.0	0.48401	0.3426	
1640.0	0.0	0.48383	0.3437	
1641.0	0.0	0.48297	0.3613	
1642.0	0.0	0.48192	0.3437	
1643.0	0.0	0.48097	0.3223	
1644.0	0.0	0.48042	0.3227	
1645.0	0.0	0.48041	0.3227	
1646.0	0.0	0.48065	0.3231	
1647.0	0.0	0.48114	0.3235	
1648.0	0.0	0.48108	0.3227	
1649.0	0.0	0.48045	0.3242	
1650.0	0.0	0.47937	0.3269	
1651.0	0.0	0.47829	0.3262	
1652.0	0.0	0.4776	0.3265	
1653.0	0.0	0.47748	0.3292	
1654.0	0.0	0.47772	0.3262	
1655.0	0.0	0.47809	0.3246	
1656.0	0.0	0.47806	0.3231	
1657.0	0.0	0.47762	0.3242	
1658.0	0.0	0.47675	0.3242	
1659.0	0.0	0.47565	0.3258	
1660.0	0.0	0.47485	0.325	
1661.0	0.0	0.4747	0.3288	
1662.0	0.0	0.47487	0.3288	
1663.0	0.0	0.47531	0.3258	
1664.0	0.0	0.47556	0.325	
1665.0	0.0	0.47545	0.3235	
1666.0	0.0	0.47467	0.3246	
1667.0	0.0	0.47382	0.3452	
1668.0	0.0	0.47284	0.3403	
1669.0	0.0	0.47235	0.3342	
1670.0	0.0	0.47255	0.3311	
1671.0	0.0	0.47302	0.3319	
1672.0	0.0	0.47351	0.3323	
1673.0	0.0	0.47365	0.3323	
1674.0	0.0	0.47316	0.3414	
1675.0	0.0	0.47227	0.3349	
1676.0	0.0	0.47119	0.3323	
1677.0	0.0	0.47052	0.3342	
1678.0	0.0	0.47043	0.3277	
1679.0	0.0	0.47087	0.3265	
1680.0	0.0	0.47131	0.325	
1681.0	0.0	0.47153	0.325	
1682.0	0.0	0.47128	0.3242	
1683.0	0.0	0.47052	0.3246	
1684.0	0.0	0.4696	0.3456	
1685.0	0.0	0.46893	0.3548	
1686.0	0.0	0.46872	0.3448	
1687.0	0.0	0.46921	0.3452	
1688.0	0.0	0.46991	0.3437	
1689.0	0.0	0.47028	0.3403	
1690.0	0.0	0.4704	0.338	
1691.0	0.0	0.46985	0.3349	
1692.0	0.0	0.46906	0.3326	
1693.0	0.0	0.46832	0.3395	
1694.0	0.0	0.46808	0.341	
1695.0	0.0	0.46851	0.3357	
1696.0	0.0	0.46918	0.3304	
1697.0	0.0	0.46979	0.3284	
1698.0	0.0	0.47023	0.3269	
1699.0	0.0	0.4698	0.3269	
1700.0	0.0	0.46909	0.3273	
1701.0	0.0	0.4684	0.3269	
1702.0	0.0	0.46793	0.3254	
1703.0	0.0	0.46832	0.3265	
1704.0	0.0	0.46898	0.3262	
1705.0	0.0	0.4698	0.3262	
1706.0	0.0	0.47034	0.3273	
1707.0	0.0	0.47028	0.3265	
1708.0	0.0	0.46973	0.3262	
1709.0	0.0	0.46912	0.3254	
1710.0	0.0	0.46875	0.3262	
1711.0	0.0	0.46884	0.3284	
1712.0	0.0	0.4696	0.3265	
1713.0	0.0	0.47044	0.3265	
1714.0	0.0	0.47128	0.3273	
1715.0	0.0	0.47151	0.3551	
1716.0	0.0	0.47119	0.3468	
1717.0	0.0	0.4706	0.3441	
1718.0	0.0	0.47003	0.3391	
1719.0	0.0	0.47015	0.3368	
1720.0	0.0	0.47072	0.3395	
1721.0	0.0	0.47163	0.341	
1722.0	0.0	0.47247	0.3426	
1723.0	0.0	0.47293	0.3418	
1724.0	0.0	0.47273	0.3395	
1725.0	0.0	0.47238	0.3407	
1726.0	0.0	0.4718	0.3395	
1727.0	0.0	0.47162	0.338	
1728.0	0.0	0.47205	0.3365	
1729.0	0.0	0.47308	0.3349	
1730.0	0.0	0.474	0.3342	
1731.0	0.0	0.47456	0.3349	
1732.0	0.0	0.47469	0.3342	
1733.0	0.0	0.4743	0.3372	
1734.0	0.0	0.47371	0.3391	
1735.0	0.0	0.47345	0.3376	
1736.0	0.0	0.4736	0.3345	
1737.0	0.0	0.47433	0.3422	
1738.0	0.0	0.47536	0.3376	
1739.0	0.0	0.47614	0.3311	
1740.0	0.0	0.47638	0.3269	
1741.0	0.0	0.47603	0.3277	
1742.0	0.0	0.47545	0.3269	
1743.0	0.0	0.47498	0.3262	
1744.0	0.0	0.47504	0.3265	
1745.0	0.0	0.47571	0.3551	
1746.0	0.0	0.47662	0.3464	
1747.0	0.0	0.47742	0.3452	
1748.0	0.0	0.47797	0.3437	
1749.0	0.0	0.47778	0.3403	
1750.0	0.0	0.47723	0.3418	
1751.0	0.0	0.47665	0.3456	
1752.0	0.0	0.47647	0.3426	
1753.0	0.0	0.47679	0.3407	
1754.0	0.0	0.47752	0.3372	
1755.0	0.0	0.47849	0.3365	
1756.0	0.0	0.47923	0.3353	
1757.0	0.0	0.47931	0.3365	
1758.0	0.0	0.47894	0.3334	
1759.0	0.0	0.47827	0.3429	
1760.0	0.0	0.47809	0.3403	
1761.0	0.0	0.47827	0.3429	
1762.0	0.0	0.47887	0.3342	
1763.0	0.0	0.47969	0.3281	
1764.0	0.0	0.48044	0.3262	
1765.0	0.0	0.4807	0.3666	
1766.0	0.0	0.48035	0.3502	
1767.0	0.0	0.47974	0.3487	
1768.0	0.0	0.47931	0.3471	
1769.0	0.0	0.47913	0.3464	
1770.0	0.0	0.47949	0.346	
1771.0	0.0	0.48044	0.3456	
1772.0	0.0	0.48126	0.3471	
1773.0	0.0	0.48167	0.3464	
1774.0	0.0	0.48145	0.3437	
1775.0	0.0	0.48102	0.3422	
1776.0	0.0	0.48033	0.3433	
1777.0	0.0	0.48004	0.3437	
1778.0	0.0	0.48035	0.3441	
1779.0	0.0	0.48108	0.3445	
1780.0	0.0	0.48195	0.3456	
1781.0	0.0	0.48248	0.3418	
1782.0	0.0	0.4825	0.3399	
1783.0	0.0	0.48195	0.3368	
1784.0	0.0	0.48141	0.3345	
1785.0	0.0	0.48094	0.3433	
1786.0	0.0	0.48102	0.3445	
1787.0	0.0	0.48167	0.3441	
1788.0	0.0	0.4825	0.3437	
1789.0	0.0	0.48322	0.3403	
1790.0	0.0	0.48343	0.3307	
1791.0	0.0	0.48309	0.3296	
1792.0	0.0	0.48238	0.3284	
1793.0	0.0	0.48169	0.33	
1794.0	0.0	0.48169	0.3597	
1795.0	0.0	0.48204	0.349	
1796.0	0.0	0.48285	0.3471	
1797.0	0.0	0.48364	0.3441	
1798.0	0.0	0.48398	0.3391	
1799.0	0.0	0.48373	0.3376	
1800.0	0.0	0.48314	0.3372	
1801.0	0.0	0.48248	0.3437	
1802.0	0.0	0.48199	0.3365	
1803.0	0.0	0.48224	0.3357	
1804.0	0.0	0.48285	0.3376	
1805.0	0.0	0.4837	0.3365	
1806.0	0.0	0.48395	0.3429	
1807.0	0.0	0.48387	0.3433	
1808.0	0.0	0.48328	0.341	
1809.0	0.0	0.48248	0.3311	
1810.0	0.0	0.48203	0.3296	
1811.0	0.0	0.48213	0.3292	
1812.0	0.0	0.48279	0.3296	
1813.0	0.0	0.48355	0.33	
1814.0	0.0	0.48419	0.3311	
1815.0	0.0	0.48421	0.3307	
1816.0	0.0	0.48376	0.3307	
1817.0	0.0	0.4828	0.3502	
1818.0	0.0	0.48236	0.3487	
1819.0	0.0	0.48228	0.3452	
1820.0	0.0	0.48273	0.3429	
1821.0	0.0	0.48355	0.3395	
1822.0	0.0	0.48431	0.3468	
1823.0	0.0	0.4846	0.3445	
1824.0	0.0	0.48421	0.3368	
1825.0	0.0	0.48352	0.3452	
1826.0	0.0	0.48282	0.3323	
1827.0	0.0	0.48311	0.3342	
1828.0	0.0	0.48322	0.3399	
1829.0	0.0	0.48372	0.3498	
1830.0	0.0	0.48445	0.3311	
1831.0	0.0	0.48499	0.3456	
1832.0	0.0	0.48486	0.3407	
1833.0	0.0	0.48399	0.3429	
1834.0	0.0	0.48329	0.3399	
1835.0	0.0	0.4828	0.3437	
1836.0	0.0	0.48299	0.3365	
1837.0	0.0	0.48352	0.3437	
1838.0	0.0	0.48427	0.3426	
1839.0	0.0	0.48499	0.3437	
1840.0	0.0	0.48505	0.3429	
1841.0	0.0	0.4845	0.3391	
1842.0	0.0	0.48383	0.3395	
1843.0	0.0	0.48322	0.3345	
1844.0	0.0	0.48312	0.3334	
1845.0	0.0	0.48358	0.3311	
1846.0	0.0	0.48431	0.3319	
1847.0	0.0	0.48511	0.3529	
1848.0	0.0	0.48524	0.3513	
1849.0	0.0	0.4848	0.349	
1850.0	0.0	0.48413	0.3506	
1851.0	0.0	0.48346	0.3513	
1852.0	0.0	0.48328	0.3582	
1853.0	0.0	0.48352	0.3323	
1854.0	0.0	0.48433	0.3319	
1855.0	0.0	0.48505	0.3315	
1856.0	0.0	0.48543	0.3311	
1857.0	0.0	0.48535	0.3315	
1858.0	0.0	0.4848	0.3304	
1859.0	0.0	0.48401	0.3319	
1860.0	0.0	0.48354	0.3315	
1861.0	0.0	0.48361	0.3319	
1862.0	0.0	0.48415	0.3307	
1863.0	0.0	0.48505	0.3323	
1864.0	0.0	0.48567	0.3323	
1865.0	0.0	0.48578	0.3563	
1866.0	0.0	0.48535	0.3551	
1867.0	0.0	0.48468	0.3529	
1868.0	0.0	0.48407	0.351	
1869.0	0.0	0.48401	0.3513	
1870.0	0.0	0.48431	0.3498	
1871.0	0.0	0.48499	0.3506	
1872.0	0.0	0.48578	0.3529	
1873.0	0.0	0.48602	0.3532	
1874.0	0.0	0.48582	0.354	
1875.0	0.0	0.48517	0.3639	
1876.0	0.0	0.48457	0.3735	
1877.0	0.0	0.48425	0.3521	
1878.0	0.0	0.48462	0.3506	
1879.0	0.0	0.48534	0.3513	
1880.0	0.0	0.48592	0.3498	
1881.0	0.0	0.48628	0.3498	
1882.0	0.0	0.48615	0.3483	
1883.0	0.0	0.48579	0.3502	
1884.0	0.0	0.48494	0.3502	
1885.0	0.0	0.48468	0.351	
1886.0	0.0	0.48471	0.3506	
1887.0	0.0	0.48526	0.3525	
1888.0	0.0	0.48602	0.3567	
1889.0	0.0	0.48663	0.3315	
1890.0	0.0	0.48682	0.3304	
1891.0	0.0	0.48633	0.3311	
1892.0	0.0	0.48566	0.3658	
1893.0	0.0	0.48509	0.359	
1894.0	0.0	0.48499	0.3517	
1895.0	0.0	0.48535	0.3502	
1896.0	0.0	0.48633	0.3502	
1897.0	0.0	0.48695	0.3513	
1898.0	0.0	0.4873	0.351	
1899.0	0.0	0.48701	0.3536	
1900.0	0.0	0.48642	0.349	
1901.0	0.0	0.48586	0.3517	
1902.0	0.0	0.48541	0.3506	
1903.0	0.0	0.48563	0.3513	
1904.0	0.0	0.48622	0.351	
1905.0	0.0	0.487	0.3658	
1906.0	0.0	0.48746	0.3288	
1907.0	0.0	0.48737	0.3292	
1908.0	0.0	0.48679	0.33	
1909.0	0.0	0.48605	0.3696	
1910.0	0.0	0.48572	0.3708	
1911.0	0.0	0.48593	0.3651	
1912.0	0.0	0.48633	0.3273	
1913.0	0.0	0.4873	0.3288	
1914.0	0.0	0.48782	0.3315	
1915.0	0.0	0.48779	0.3651	
1916.0	0.0	0.48724	0.3563	
1917.0	0.0	0.48642	0.3696	
1918.0	0.0	0.48575	0.3296	
1919.0	0.0	0.48555	0.3292	
1920.0	0.0	0.48607	0.3281	
1921.0	0.0	0.48688	0.3273	
1922.0	0.0	0.48767	0.362	
1923.0	0.0	0.48793	0.3487	
1924.0	0.0	0.48763	0.3479	
1925.0	0.0	0.48708	0.3448	
1926.0	0.0	0.48634	0.3418	
1927.0	0.0	0.48596	0.3441	
1928.0	0.0	0.4863	0.346	
1929.0	0.0	0.487	0.3464	
1930.0	0.0	0.48767	0.3456	
1931.0	0.0	0.48822	0.3475	
1932.0	0.0	0.48824	0.3471	
1933.0	0.0	0.48753	0.3464	
1934.0	0.0	0.48689	0.346	
1935.0	0.0	0.48645	0.3422	
1936.0	0.0	0.48647	0.3342	
1937.0	0.0	0.48714	0.3426	
1938.0	0.0	0.48793	0.3345	
1939.0	0.0	0.48862	0.3372	
1940.0	0.0	0.48868	0.3315	
1941.0	0.0	0.48822	0.3269	
1942.0	0.0	0.48749	0.3277	
1943.0	0.0	0.48703	0.3277	
1944.0	0.0	0.48703	0.3582	
1945.0	0.0	0.48761	0.3471	
1946.0	0.0	0.4884	0.3452	
1947.0	0.0	0.48914	0.3365	
1948.0	0.0	0.48952	0.3403	
1949.0	0.0	0.48938	0.3422	
1950.0	0.0	0.48883	0.33	
1951.0	0.0	0.48833	0.3269	
1952.0	0.0	0.48813	0.3277	
1953.0	0.0	0.4886	0.3273	
1954.0	0.0	0.48938	0.3273	
1955.0	0.0	0.49023	0.3643	
1956.0	0.0	0.49083	0.3517	
1957.0	0.0	0.49083	0.3479	
1958.0	0.0	0.49054	0.3513	
1959.0	0.0	0.48981	0.3475	
1960.0	0.0	0.48952	0.3468	
1961.0	0.0	0.48981	0.3273	
1962.0	0.0	0.49092	0.3399	
1963.0	0.0	0.49176	0.3407	
1964.0	0.0	0.49229	0.3284	
1965.0	0.0	0.49237	0.3323	
1966.0	0.0	0.49194	0.3258	
1967.0	0.0	0.49141	0.3609	
1968.0	0.0	0.49109	0.3464	
1969.0	0.0	0.49123	0.3464	
1970.0	0.0	0.49174	0.3437	
1971.0	0.0	0.49268	0.3418	
1972.0	0.0	0.49338	0.3414	
1973.0	0.0	0.49402	0.3368	
1974.0	0.0	0.49368	0.3342	
1975.0	0.0	0.49315	0.3334	
1976.0	0.0	0.49274	0.3323	
1977.0	0.0	0.49251	0.3338	
1978.0	0.0	0.49286	0.338	
1979.0	0.0	0.49371	0.3426	
1980.0	0.0	0.49457	0.3414	
1981.0	0.0	0.495	0.3326	
1982.0	0.0	0.49487	0.3269	
1983.0	0.0	0.4944	0.3265	
1984.0	0.0	0.49384	0.3551	
1985.0	0.0	0.49342	0.3456	
1986.0	0.0	0.49371	0.3414	
1987.0	0.0	0.49428	0.3372	
1988.0	0.0	0.49521	0.3429	
1989.0	0.0	0.49573	0.3387	
1990.0	0.0	0.49567	0.3319	
1991.0	0.0	0.49522	0.3284	
1992.0	0.0	0.4946	0.3254	
1993.0	0.0	0.49402	0.3254	
1994.0	0.0	0.49408	0.3258	
1995.0	0.0	0.49451	0.3242	
1996.0	0.0	0.49524	0.3262	
1997.0	0.0	0.49597	0.325	
1998.0	0.0	0.49634	0.3254	
1999.0	0.0	0.49615	0.3262	
2000.0	0.0	0.49551	0.3273	
2001.0	0.0	0.495	0.3559	
2002.0	0.0	0.49471	0.3475	
2003.0	0.0	0.495	0.3448	
2004.0	0.0	0.49586	0.3441	
2005.0	0.0	0.49667	0.3407	
2006.0	0.0	0.49683	0.3399	
2007.0	0.0	0.49701	0.3407	
2008.0	0.0	0.49634	0.3384	
2009.0	0.0	0.49574	0.3372	
2010.0	0.0	0.49544	0.3326	
2011.0	0.0	0.49556	0.3426	
2012.0	0.0	0.49609	0.3326	
2013.0	0.0	0.49689	0.3254	
2014.0	0.0	0.49734	0.3265	
2015.0	0.0	0.49744	0.3483	
2016.0	0.0	0.49701	0.346	
2017.0	0.0	0.49641	0.3452	
2018.0	0.0	0.49583	0.3422	
2019.0	0.0	0.49591	0.3426	
2020.0	0.0	0.49632	0.341	
2021.0	0.0	0.4971	0.3414	
2022.0	0.0	0.49768	0.338	
2023.0	0.0	0.49811	0.3399	
2024.0	0.0	0.49774	0.3376	
2025.0	0.0	0.49701	0.3387	
2026.0	0.0	0.49628	0.3387	
2027.0	0.0	0.49603	0.3384	
2028.0	0.0	0.4964	0.3349	
2029.0	0.0	0.49713	0.3338	
2030.0	0.0	0.49788	0.3407	
2031.0	0.0	0.49841	0.3353	
2032.0	0.0	0.49837	0.3391	
2033.0	0.0	0.49791	0.3384	
2034.0	0.0	0.49707	0.3376	
2035.0	0.0	0.49678	0.3391	
2036.0	0.0	0.49692	0.3422	
2037.0	0.0	0.49754	0.3437	
2038.0	0.0	0.49835	0.346	
2039.0	0.0	0.49896	0.3471	
2040.0	0.0	0.49904	0.3471	
2041.0	0.0	0.49869	0.3483	
2042.0	0.0	0.49796	0.3456	
2043.0	0.0	0.49742	0.3441	
2044.0	0.0	0.49707	0.3437	
2045.0	0.0	0.49763	0.3426	
2046.0	0.0	0.49835	0.3441	
2047.0	0.0	0.49898	0.3437	
2048.0	0.0	0.49908	0.3391	
2049.0	0.0	0.49863	0.3387	
2050.0	0.0	0.49796	0.3403	
2051.0	0.0	0.49725	0.3403	
2052.0	0.0	0.49698	0.341	
2053.0	0.0	0.49721	0.341	
2054.0	0.0	0.49799	0.3414	
2055.0	0.0	0.49855	0.3414	
2056.0	0.0	0.49904	0.3414	
2057.0	0.0	0.49878	0.3384	
2058.0	0.0	0.49818	0.3399	
2059.0	0.0	0.49731	0.3441	
2060.0	0.0	0.49683	0.3407	
2061.0	0.0	0.49689	0.3414	
2062.0	0.0	0.49731	0.3422	
2063.0	0.0	0.49792	0.3273	
2064.0	0.0	0.49843	0.367	
2065.0	0.0	0.49854	0.3437	
2066.0	0.0	0.49792	0.3326	
2067.0	0.0	0.49701	0.3403	
2068.0	0.0	0.4964	0.3315	
2069.0	0.0	0.49631	0.3273	
2070.0	0.0	0.49654	0.3288	
2071.0	0.0	0.49725	0.3277	
2072.0	0.0	0.4978	0.3498	
2073.0	0.0	0.49794	0.3441	
2074.0	0.0	0.49757	0.3391	
2075.0	0.0	0.49683	0.333	
2076.0	0.0	0.49603	0.3429	
2077.0	0.0	0.49564	0.341	
2078.0	0.0	0.49586	0.3349	
2079.0	0.0	0.49652	0.3269	
2080.0	0.0	0.49721	0.3258	
2081.0	0.0	0.49747	0.346	
2082.0	0.0	0.49716	0.3349	
2083.0	0.0	0.49649	0.3353	
2084.0	0.0	0.49562	0.3269	
2085.0	0.0	0.49503	0.3647	
2086.0	0.0	0.49506	0.3456	
2087.0	0.0	0.49568	0.3361	
2088.0	0.0	0.49623	0.3372	
2089.0	0.0	0.4967	0.3391	
2090.0	0.0	0.49655	0.3281	
2091.0	0.0	0.49594	0.3269	
2092.0	0.0	0.49503	0.325	
2093.0	0.0	0.49437	0.3475	
2094.0	0.0	0.49423	0.3426	
2095.0	0.0	0.49451	0.3437	
2096.0	0.0	0.49513	0.3281	
2097.0	0.0	0.49573	0.3273	
2098.0	0.0	0.49582	0.3456	
2099.0	0.0	0.49547	0.341	
2100.0	0.0	0.49471	0.3418	
2101.0	0.0	0.49396	0.3292	
2102.0	0.0	0.49348	0.3265	
2103.0	0.0	0.49371	0.3265	
2104.0	0.0	0.49451	0.3544	
2105.0	0.0	0.49501	0.3479	
2106.0	0.0	0.49532	0.3422	
2107.0	0.0	0.49501	0.3365	
2108.0	0.0	0.49451	0.3342	
2109.0	0.0	0.49355	0.3429	
2110.0	0.0	0.49289	0.338	
2111.0	0.0	0.49312	0.3311	
2112.0	0.0	0.49352	0.3258	
2113.0	0.0	0.49426	0.3277	
2114.0	0.0	0.49448	0.3468	
2115.0	0.0	0.49451	0.3441	
2116.0	0.0	0.49388	0.3399	
2117.0	0.0	0.49301	0.3368	
2118.0	0.0	0.49231	0.3353	
2119.0	0.0	0.49225	0.3288	
2120.0	0.0	0.49245	0.3258	
2121.0	0.0	0.49316	0.3498	
2122.0	0.0	0.49379	0.3468	
2123.0	0.0	0.49376	0.3429	
2124.0	0.0	0.49341	0.3387	
2125.0	0.0	0.49265	0.3418	
2126.0	0.0	0.49194	0.3304	
2127.0	0.0	0.49155	0.3258	
2128.0	0.0	0.49181	0.3624	
2129.0	0.0	0.49232	0.3418	
2130.0	0.0	0.49274	0.3357	
2131.0	0.0	0.49326	0.3403	
2132.0	0.0	0.49306	0.3254	
2133.0	0.0	0.49216	0.3506	
2134.0	0.0	0.49136	0.3387	
2135.0	0.0	0.49078	0.3342	
2136.0	0.0	0.49078	0.3326	
2137.0	0.0	0.49127	0.3273	
2138.0	0.0	0.49179	0.3258	
2139.0	0.0	0.49237	0.362	
2140.0	0.0	0.49237	0.3437	
2141.0	0.0	0.49179	0.338	
2142.0	0.0	0.49078	0.3414	
2143.0	0.0	0.4903	0.3258	
2144.0	0.0	0.48993	0.3494	
2145.0	0.0	0.49023	0.3399	
2146.0	0.0	0.49075	0.3376	
2147.0	0.0	0.49149	0.3258	
2148.0	0.0	0.49146	0.3502	
2149.0	0.0	0.49103	0.3437	
2150.0	0.0	0.49019	0.3387	
2151.0	0.0	0.48946	0.341	
2152.0	0.0	0.48895	0.3296	
2153.0	0.0	0.48903	0.3258	
2154.0	0.0	0.48962	0.3605	
2155.0	0.0	0.49011	0.3452	
2156.0	0.0	0.49046	0.3448	
2157.0	0.0	0.49013	0.3441	
2158.0	0.0	0.48927	0.3368	
2159.0	0.0	0.4884	0.3441	
2160.0	0.0	0.48769	0.3277	
2161.0	0.0	0.48764	0.3254	
2162.0	0.0	0.4881	0.3448	
2163.0	0.0	0.48885	0.3368	
2164.0	0.0	0.48914	0.3353	
2165.0	0.0	0.48917	0.3254	
2166.0	0.0	0.4884	0.3624	
2167.0	0.0	0.48755	0.3452	
2168.0	0.0	0.48666	0.3338	
2169.0	0.0	0.48639	0.3334	
2170.0	0.0	0.48676	0.3262	
2171.0	0.0	0.4873	0.3658	
2172.0	0.0	0.48785	0.3456	
2173.0	0.0	0.48782	0.333	
2174.0	0.0	0.4873	0.3334	
2175.0	0.0	0.4863	0.3269	
2176.0	0.0	0.48541	0.3254	
2177.0	0.0	0.48506	0.3586	
2178.0	0.0	0.48511	0.3452	
2179.0	0.0	0.48553	0.3361	
2180.0	0.0	0.48618	0.333	
2181.0	0.0	0.48642	0.325	
2182.0	0.0	0.48616	0.3262	
2183.0	0.0	0.48517	0.3452	
2184.0	0.0	0.4843	0.3357	
2185.0	0.0	0.48358	0.3315	
2186.0	0.0	0.48344	0.3262	
2187.0	0.0	0.4839	0.346	
2188.0	0.0	0.48444	0.3391	
2189.0	0.0	0.48486	0.3372	
2190.0	0.0	0.48468	0.3254	
2191.0	0.0	0.48389	0.346	
2192.0	0.0	0.48293	0.3357	
2193.0	0.0	0.48218	0.3269	
2194.0	0.0	0.48187	0.3262	
2195.0	0.0	0.48224	0.3433	
2196.0	0.0	0.48268	0.3429	
2197.0	0.0	0.48312	0.3262	
2198.0	0.0	0.48315	0.349	
2199.0	0.0	0.48267	0.3391	
2200.0	0.0	0.48163	0.3288	
2201.0	0.0	0.48077	0.3269	
2202.0	0.0	0.48016	0.3441	
2203.0	0.0	0.48035	0.3326	
2204.0	0.0	0.4809	0.3281	
2205.0	0.0	0.4814	0.3601	
2206.0	0.0	0.4816	0.3384	
2207.0	0.0	0.48114	0.3365	
2208.0	0.0	0.4803	0.3262	
2209.0	0.0	0.47939	0.3445	
2210.0	0.0	0.47861	0.3368	
2211.0	0.0	0.47861	0.3323	
2212.0	0.0	0.47894	0.3265	
2213.0	0.0	0.47949	0.3456	
2214.0	0.0	0.47984	0.338	
2215.0	0.0	0.4798	0.3395	
2216.0	0.0	0.47911	0.3258	
2217.0	0.0	0.47803	0.3624	
2218.0	0.0	0.47717	0.3418	
2219.0	0.0	0.47691	0.3429	
2220.0	0.0	0.47717	0.3281	
2221.0	0.0	0.47774	0.3464	
2222.0	0.0	0.47815	0.3349	
2223.0	0.0	0.47829	0.3281	
2224.0	0.0	0.47754	0.3662	
2225.0	0.0	0.47664	0.3426	
2226.0	0.0	0.47583	0.3353	
2227.0	0.0	0.4754	0.3349	
2228.0	0.0	0.4754	0.3262	
2229.0	0.0	0.47595	0.3265	
2230.0	0.0	0.4765	0.3456	
2231.0	0.0	0.47668	0.3391	
2232.0	0.0	0.47632	0.3323	
2233.0	0.0	0.47546	0.3273	
2234.0	0.0	0.47437	0.3269	
2235.0	0.0	0.47383	0.3437	
2236.0	0.0	0.47375	0.333	
2237.0	0.0	0.474	0.3284	
2238.0	0.0	0.47467	0.325	
2239.0	0.0	0.4751	0.3513	
2240.0	0.0	0.47495	0.3365	
2241.0	0.0	0.47433	0.3395	
2242.0	0.0	0.47322	0.3254	
2243.0	0.0	0.4724	0.3654	
2244.0	0.0	0.47217	0.3456	
2245.0	0.0	0.47241	0.3387	
2246.0	0.0	0.47296	0.3368	
2247.0	0.0	0.47322	0.3265	
2248.0	0.0	0.47322	0.3258	
2249.0	0.0	0.47272	0.3475	
2250.0	0.0	0.47171	0.3422	
2251.0	0.0	0.47083	0.3345	
2252.0	0.0	0.47034	0.3422	
2253.0	0.0	0.47041	0.3288	
2254.0	0.0	0.47076	0.3281	
2255.0	0.0	0.47125	0.3452	
2256.0	0.0	0.4715	0.3376	
2257.0	0.0	0.47108	0.3429	
2258.0	0.0	0.47021	0.3334	
2259.0	0.0	0.4693	0.325	
2260.0	0.0	0.46857	0.3525	
2261.0	0.0	0.46837	0.3437	
2262.0	0.0	0.46881	0.338	
2263.0	0.0	0.4693	0.3365	
2264.0	0.0	0.46979	0.3262	
2265.0	0.0	0.46948	0.3262	
2266.0	0.0	0.4686	0.3536	
2267.0	0.0	0.46771	0.3429	
2268.0	0.0	0.46698	0.3365	
2269.0	0.0	0.46654	0.3387	
2270.0	0.0	0.46675	0.3338	
2271.0	0.0	0.46722	0.3262	
2272.0	0.0	0.46777	0.3254	
2273.0	0.0	0.46773	0.3468	
2274.0	0.0	0.46719	0.3395	
2275.0	0.0	0.46643	0.3326	
2276.0	0.0	0.46545	0.3342	
2277.0	0.0	0.46503	0.3258	
2278.0	0.0	0.46503	0.3441	
2279.0	0.0	0.46545	0.3345	
2280.0	0.0	0.46613	0.3281	
2281.0	0.0	0.46629	0.3262	
2282.0	0.0	0.46593	0.3498	
2283.0	0.0	0.46509	0.3441	
2284.0	0.0	0.46423	0.3437	
2285.0	0.0	0.4635	0.3395	
2286.0	0.0	0.46347	0.3323	
2287.0	0.0	0.46381	0.3365	
2288.0	0.0	0.46445	0.3258	
2289.0	0.0	0.46487	0.3452	
2290.0	0.0	0.46457	0.3433	
2291.0	0.0	0.46396	0.3361	
2292.0	0.0	0.46307	0.341	
2293.0	0.0	0.46225	0.3273	
2294.0	0.0	0.46179	0.3254	
2295.0	0.0	0.46222	0.346	
2296.0	0.0	0.46275	0.3403	
2297.0	0.0	0.46321	0.3342	
2298.0	0.0	0.46324	0.3387	
2299.0	0.0	0.46275	0.3284	
2300.0	0.0	0.46191	0.3254	
2301.0	0.0	0.46092	0.3258	
2302.0	0.0	0.46051	0.3513	
2303.0	0.0	0.46042	0.3433	
2304.0	0.0	0.46104	0.3376	
2305.0	0.0	0.46179	0.341	
2306.0	0.0	0.46199	0.3277	
2307.0	0.0	0.46167	0.3254	
2308.0	0.0	0.46083	0.3452	
2309.0	0.0	0.46004	0.3372	
2310.0	0.0	0.45944	0.3433	
2311.0	0.0	0.45935	0.3284	
2312.0	0.0	0.45981	0.3258	
2313.0	0.0	0.4604	0.3647	
2314.0	0.0	0.46082	0.3452	
2315.0	0.0	0.46054	0.3399	
2316.0	0.0	0.46002	0.3342	
2317.0	0.0	0.45905	0.3357	
2318.0	0.0	0.45834	0.3258	
2319.0	0.0	0.45795	0.3262	
2320.0	0.0	0.45831	0.3448	
2321.0	0.0	0.45897	0.3368	
2322.0	0.0	0.45947	0.3288	
2323.0	0.0	0.45949	0.3258	
2324.0	0.0	0.45911	0.3536	
2325.0	0.0	0.45819	0.3452	
2326.0	0.0	0.45734	0.3407	
2327.0	0.0	0.45697	0.3353	
2328.0	0.0	0.45717	0.3368	
2329.0	0.0	0.45776	0.3262	
2330.0	0.0	0.45844	0.3483	
2331.0	0.0	0.45868	0.3437	
2332.0	0.0	0.4584	0.3345	
2333.0	0.0	0.45767	0.3323	
2334.0	0.0	0.45685	0.3262	
2335.0	0.0	0.45642	0.3471	
2336.0	0.0	0.4565	0.3418	
2337.0	0.0	0.45686	0.3376	
2338.0	0.0	0.4577	0.3338	
2339.0	0.0	0.45827	0.3357	
2340.0	0.0	0.45827	0.3311	
2341.0	0.0	0.45776	0.3281	
2342.0	0.0	0.45688	0.325	
2343.0	0.0	0.45618	0.3246	
2344.0	0.0	0.45605	0.3456	
2345.0	0.0	0.45673	0.3418	
2346.0	0.0	0.45735	0.3368	
2347.0	0.0	0.45795	0.3414	
2348.0	0.0	0.45795	0.3384	
2349.0	0.0	0.4577	0.3315	
2350.0	0.0	0.45709	0.3258	
2351.0	0.0	0.45641	0.3624	
2352.0	0.0	0.45607	0.3433	
2353.0	0.0	0.45638	0.3361	
2354.0	0.0	0.45724	0.3395	
2355.0	0.0	0.45807	0.3262	
2356.0	0.0	0.45844	0.3258	
2357.0	0.0	0.45844	0.3445	
2358.0	0.0	0.45798	0.3437	
2359.0	0.0	0.45723	0.3338	
2360.0	0.0	0.45686	0.3349	
2361.0	0.0	0.45729	0.3262	
2362.0	0.0	0.45801	0.3487	
2363.0	0.0	0.45886	0.3437	
2364.0	0.0	0.45967	0.3387	
2365.0	0.0	0.4599	0.3426	
2366.0	0.0	0.45963	0.3277	
2367.0	0.0	0.45905	0.3468	
2368.0	0.0	0.45871	0.3429	
2369.0	0.0	0.45894	0.3334	
2370.0	0.0	0.45952	0.3399	
2371.0	0.0	0.46054	0.3437	
2372.0	0.0	0.46175	0.3262	
2373.0	0.0	0.46217	0.3265	
2374.0	0.0	0.46198	0.3284	
2375.0	0.0	0.46173	0.3407	
2376.0	0.0	0.4614	0.3376	
2377.0	0.0	0.46136	0.341	
2378.0	0.0	0.46185	0.3414	
2379.0	0.0	0.46295	0.3273	
2380.0	0.0	0.46397	0.3258	
2381.0	0.0	0.46475	0.3445	
2382.0	0.0	0.46497	0.3418	
2383.0	0.0	0.46445	0.3342	
2384.0	0.0	0.46405	0.3422	
2385.0	0.0	0.46399	0.3399	
2386.0	0.0	0.46436	0.3319	
2387.0	0.0	0.46527	0.3281	
2388.0	0.0	0.46625	0.3269	
2389.0	0.0	0.46716	0.3258	
2390.0	0.0	0.46748	0.3494	
2391.0	0.0	0.46741	0.3437	
2392.0	0.0	0.46686	0.3342	
2393.0	0.0	0.46657	0.3387	
2394.0	0.0	0.46674	0.3254	
2395.0	0.0	0.46741	0.3468	
2396.0	0.0	0.46857	0.3384	
2397.0	0.0	0.46948	0.3334	
2398.0	0.0	0.47015	0.338	
2399.0	0.0	0.47015	0.3262	
2400.0	0.0	0.46956	0.3265	
2401.0	0.0	0.46924	0.3414	
2402.0	0.0	0.46924	0.3353	
2403.0	0.0	0.46973	0.341	
2404.0	0.0	0.47064	0.3288	
2405.0	0.0	0.47174	0.3258	
2406.0	0.0	0.47235	0.3483	
2407.0	0.0	0.47247	0.3445	
2408.0	0.0	0.47217	0.3414	
2409.0	0.0	0.47168	0.3365	
2410.0	0.0	0.4715	0.3315	
2411.0	0.0	0.47192	0.3368	
2412.0	0.0	0.47287	0.3281	
2413.0	0.0	0.47369	0.3242	
2414.0	0.0	0.47444	0.3254	
2415.0	0.0	0.47485	0.3448	
2416.0	0.0	0.47458	0.3395	
2417.0	0.0	0.47406	0.3384	
2418.0	0.0	0.47388	0.3304	
2419.0	0.0	0.47394	0.3254	
2420.0	0.0	0.47467	0.3262	
2421.0	0.0	0.47566	0.325	
2422.0	0.0	0.47649	0.3559	
2423.0	0.0	0.47693	0.3445	
2424.0	0.0	0.47701	0.3414	
2425.0	0.0	0.4765	0.3365	
2426.0	0.0	0.47609	0.341	
2427.0	0.0	0.47597	0.3326	
2428.0	0.0	0.4765	0.3269	
2429.0	0.0	0.47762	0.3254	
2430.0	0.0	0.47847	0.3246	
2431.0	0.0	0.47906	0.3445	
2432.0	0.0	0.47908	0.3365	
2433.0	0.0	0.47871	0.341	
2434.0	0.0	0.47815	0.3265	
2435.0	0.0	0.47806	0.3242	
2436.0	0.0	0.47821	0.3452	
2437.0	0.0	0.47899	0.3357	
2438.0	0.0	0.48001	0.3376	
2439.0	0.0	0.48091	0.3254	
2440.0	0.0	0.4812	0.3254	
2441.0	0.0	0.48059	0.325	
2442.0	0.0	0.47992	0.3262	
2443.0	0.0	0.47997	0.3365	
2444.0	0.0	0.48029	0.3338	
2445.0	0.0	0.48096	0.3395	
2446.0	0.0	0.48187	0.3258	
2447.0	0.0	0.48279	0.3258	
2448.0	0.0	0.48328	0.3471	
2449.0	0.0	0.48309	0.346	
2450.0	0.0	0.48267	0.3429	
2451.0	0.0	0.48219	0.3384	
2452.0	0.0	0.48212	0.3437	
2453.0	0.0	0.48262	0.338	
2454.0	0.0	0.48347	0.3269	
2455.0	0.0	0.48445	0.3262	
2456.0	0.0	0.48505	0.3479	
2457.0	0.0	0.48508	0.3418	
2458.0	0.0	0.48459	0.3422	
2459.0	0.0	0.48398	0.3307	
2460.0	0.0	0.48376	0.3269	
2461.0	0.0	0.48415	0.3605	
2462.0	0.0	0.48474	0.3441	
2463.0	0.0	0.4857	0.3353	
2464.0	0.0	0.48639	0.3353	
2465.0	0.0	0.48659	0.3269	
2466.0	0.0	0.48608	0.3277	
2467.0	0.0	0.48561	0.3441	
2468.0	0.0	0.48518	0.3384	
2469.0	0.0	0.48523	0.3445	
2470.0	0.0	0.48582	0.3326	
2471.0	0.0	0.48669	0.3265	
2472.0	0.0	0.48756	0.3265	
2473.0	0.0	0.48779	0.3471	
2474.0	0.0	0.48764	0.3433	
2475.0	0.0	0.48708	0.3372	
2476.0	0.0	0.48651	0.3426	
2477.0	0.0	0.48639	0.3422	
2478.0	0.0	0.48683	0.3349	
2479.0	0.0	0.48755	0.3269	
2480.0	0.0	0.48834	0.3258	
2481.0	0.0	0.48892	0.3601	
2482.0	0.0	0.48883	0.346	
2483.0	0.0	0.48822	0.3407	
2484.0	0.0	0.48761	0.3437	
2485.0	0.0	0.48727	0.3296	
2486.0	0.0	0.48744	0.3281	
2487.0	0.0	0.48816	0.3536	
2488.0	0.0	0.48898	0.3441	
2489.0	0.0	0.48961	0.3345	
2490.0	0.0	0.48982	0.3376	
2491.0	0.0	0.48932	0.3269	
2492.0	0.0	0.48871	0.3265	
2493.0	0.0	0.4883	0.3269	
2494.0	0.0	0.4883	0.3262	
2495.0	0.0	0.48885	0.3502	
2496.0	0.0	0.48967	0.3452	
2497.0	0.0	0.49042	0.3403	
2498.0	0.0	0.49072	0.3334	
2499.0	0.0	0.49055	0.3307	
2500.0	0.0	0.4899	0.3269	
2501.0	0.0	0.48956	0.346	
2502.0	0.0	0.48932	0.3456	
2503.0	0.0	0.48973	0.3399	
2504.0	0.0	0.49036	0.3429	
2505.0	0.0	0.49123	0.3273	
2506.0	0.0	0.49184	0.3265	
2507.0	0.0	0.49176	0.3437	
2508.0	0.0	0.49135	0.3334	
2509.0	0.0	0.49078	0.3315	
2510.0	0.0	0.49049	0.3262	
2511.0	0.0	0.49078	0.3471	
2512.0	0.0	0.49152	0.3426	
2513.0	0.0	0.49229	0.3349	
2514.0	0.0	0.49287	0.3387	
2515.0	0.0	0.49304	0.3254	
2516.0	0.0	0.49281	0.325	
2517.0	0.0	0.49229	0.359	
2518.0	0.0	0.4917	0.346	
2519.0	0.0	0.49164	0.3437	
2520.0	0.0	0.49214	0.3395	
2521.0	0.0	0.49304	0.3368	
2522.0	0.0	0.49385	0.3345	
2523.0	0.0	0.49411	0.3441	
2524.0	0.0	0.49397	0.3368	
2525.0	0.0	0.49332	0.3357	
2526.0	0.0	0.49286	0.3265	
2527.0	0.0	0.49261	0.3273	
2528.0	0.0	0.49298	0.3487	
2529.0	0.0	0.49374	0.3479	
2530.0	0.0	0.49446	0.3498	
2531.0	0.0	0.49506	0.3494	
2532.0	0.0	0.49493	0.3468	
2533.0	0.0	0.49452	0.3437	
2534.0	0.0	0.49384	0.3414	
2535.0	0.0	0.49338	0.3323	
2536.0	0.0	0.49344	0.3361	
2537.0	0.0	0.49411	0.3262	
2538.0	0.0	0.49495	0.3269	
2539.0	0.0	0.49554	0.3437	
2540.0	0.0	0.4957	0.341	
2541.0	0.0	0.49535	0.3357	
2542.0	0.0	0.49458	0.3338	
2543.0	0.0	0.49408	0.3246	
2544.0	0.0	0.49396	0.3456	
2545.0	0.0	0.49446	0.3365	
2546.0	0.0	0.49521	0.3395	
2547.0	0.0	0.49591	0.3292	
2548.0	0.0	0.49637	0.3254	
2549.0	0.0	0.49606	0.346	
2550.0	0.0	0.49542	0.3429	
2551.0	0.0	0.49475	0.3345	
2552.0	0.0	0.49445	0.3315	
2553.0	0.0	0.49481	0.3258	
2554.0	0.0	0.49539	0.3475	
2555.0	0.0	0.4962	0.3437	
2556.0	0.0	0.49664	0.3357	
2557.0	0.0	0.49648	0.3326	
2558.0	0.0	0.49579	0.3258	
2559.0	0.0	0.49519	0.3616	
2560.0	0.0	0.49463	0.3452	
2561.0	0.0	0.49463	0.346	
2562.0	0.0	0.4953	0.3445	
2563.0	0.0	0.49591	0.3395	
2564.0	0.0	0.49652	0.3399	
2565.0	0.0	0.49664	0.3361	
2566.0	0.0	0.49597	0.3288	
2567.0	0.0	0.49533	0.3258	
2568.0	0.0	0.49469	0.3258	
2569.0	0.0	0.49442	0.3262	
2570.0	0.0	0.49487	0.3448	
2571.0	0.0	0.49561	0.3403	
2572.0	0.0	0.49629	0.3334	
2573.0	0.0	0.49634	0.3265	
2574.0	0.0	0.49597	0.3265	
2575.0	0.0	0.49533	0.3445	
2576.0	0.0	0.49458	0.3384	
2577.0	0.0	0.49417	0.3334	
2578.0	0.0	0.49432	0.3407	
2579.0	0.0	0.49506	0.3311	
2580.0	0.0	0.49562	0.3292	
2581.0	0.0	0.49586	0.3273	
2582.0	0.0	0.49579	0.3273	
2583.0	0.0	0.495	0.3242	
2584.0	0.0	0.49414	0.3254	
2585.0	0.0	0.49359	0.3242	
2586.0	0.0	0.49341	0.3262	
2587.0	0.0	0.49396	0.3502	
2588.0	0.0	0.4946	0.3426	
2589.0	0.0	0.49493	0.3357	
2590.0	0.0	0.49493	0.3399	
2591.0	0.0	0.49435	0.3277	
2592.0	0.0	0.4935	0.3242	
2593.0	0.0	0.49268	0.3468	
2594.0	0.0	0.49255	0.3441	
2595.0	0.0	0.49274	0.3445	
2596.0	0.0	0.49341	0.3365	
2597.0	0.0	0.49416	0.3399	
2598.0	0.0	0.49396	0.3265	
2599.0	0.0	0.49371	0.3239	
2600.0	0.0	0.49286	0.3242	
2601.0	0.0	0.49207	0.3464	
2602.0	0.0	0.49167	0.3448	
2603.0	0.0	0.49191	0.3441	
2604.0	0.0	0.49255	0.3422	
2605.0	0.0	0.49312	0.3407	
2606.0	0.0	0.49327	0.3353	
2607.0	0.0	0.49298	0.3326	
2608.0	0.0	0.49226	0.3342	
2609.0	0.0	0.49139	0.3319	
2610.0	0.0	0.49097	0.3353	
2611.0	0.0	0.49091	0.3399	
2612.0	0.0	0.49141	0.3292	
2613.0	0.0	0.4921	0.3269	
2614.0	0.0	0.49252	0.3265	
2615.0	0.0	0.49249	0.3315	
2616.0	0.0	0.49184	0.325	
2617.0	0.0	0.49103	0.3239	
2618.0	0.0	0.49025	0.325	
2619.0	0.0	0.49011	0.3246	
2620.0	0.0	0.49036	0.3239	
2621.0	0.0	0.49097	0.3429	
2622.0	0.0	0.49156	0.3433	
2623.0	0.0	0.49153	0.3345	
2624.0	0.0	0.49127	0.3353	
2625.0	0.0	0.49042	0.3235	
2626.0	0.0	0.4897	0.325	
2627.0	0.0	0.48926	0.3429	
2628.0	0.0	0.48944	0.3414	
2629.0	0.0	0.48993	0.3368	
2630.0	0.0	0.49057	0.3315	
2631.0	0.0	0.49078	0.3315	
2632.0	0.0	0.49063	0.3227	
2633.0	0.0	0.49005	0.351	
2634.0	0.0	0.489	0.3433	
2635.0	0.0	0.48859	0.3395	
2636.0	0.0	0.48862	0.3311	
2637.0	0.0	0.48895	0.3334	
2638.0	0.0	0.48958	0.3223	
2639.0	0.0	0.49017	0.3441	
2640.0	0.0	0.49011	0.3407	
2641.0	0.0	0.48949	0.338	
2642.0	0.0	0.48866	0.3311	
2643.0	0.0	0.48804	0.3361	
2644.0	0.0	0.48773	0.3284	
2645.0	0.0	0.48776	0.325	
2646.0	0.0	0.48854	0.3227	
2647.0	0.0	0.48917	0.3231	
2648.0	0.0	0.48933	0.3426	
2649.0	0.0	0.48901	0.3361	
2650.0	0.0	0.48813	0.3319	
2651.0	0.0	0.48738	0.3304	
2652.0	0.0	0.48714	0.3387	
2653.0	0.0	0.48708	0.3242	
2654.0	0.0	0.48755	0.3223	
2655.0	0.0	0.48824	0.3231	
2656.0	0.0	0.48866	0.3441	
2657.0	0.0	0.48834	0.3349	
2658.0	0.0	0.48763	0.3307	
2659.0	0.0	0.48671	0.3223	
2660.0	0.0	0.48622	0.3441	
2661.0	0.0	0.48619	0.3399	
2662.0	0.0	0.48642	0.3319	
2663.0	0.0	0.48715	0.3315	
2664.0	0.0	0.48773	0.3315	
2665.0	0.0	0.48767	0.3239	
2666.0	0.0	0.48689	0.322	
2667.0	0.0	0.48604	0.3559	
2668.0	0.0	0.48535	0.3414	
2669.0	0.0	0.48499	0.3384	
2670.0	0.0	0.48517	0.3323	
2671.0	0.0	0.48587	0.3391	
2672.0	0.0	0.48647	0.3262	
2673.0	0.0	0.48654	0.322	
2674.0	0.0	0.48608	0.3632	
2675.0	0.0	0.48518	0.3426	
2676.0	0.0	0.48444	0.3399	
2677.0	0.0	0.48407	0.3349	
2678.0	0.0	0.48405	0.3342	
2679.0	0.0	0.48459	0.3311	
2680.0	0.0	0.48521	0.3384	
2681.0	0.0	0.48555	0.3265	
2682.0	0.0	0.48524	0.3304	
2683.0	0.0	0.48465	0.3216	
2684.0	0.0	0.48347	0.3242	
2685.0	0.0	0.483	0.3487	
2686.0	0.0	0.48285	0.3445	
2687.0	0.0	0.48328	0.3407	
2688.0	0.0	0.48389	0.3429	
2689.0	0.0	0.48433	0.3407	
2690.0	0.0	0.48427	0.3395	
2691.0	0.0	0.4837	0.3384	
2692.0	0.0	0.4828	0.3414	
2693.0	0.0	0.48199	0.341	
2694.0	0.0	0.48167	0.3426	
2695.0	0.0	0.48206	0.3441	
2696.0	0.0	0.48257	0.3437	
2697.0	0.0	0.48328	0.3429	
2698.0	0.0	0.48325	0.3437	
2699.0	0.0	0.48276	0.3437	
2700.0	0.0	0.48206	0.341	
2701.0	0.0	0.48123	0.341	
2702.0	0.0	0.48062	0.338	
2703.0	0.0	0.48073	0.3353	
2704.0	0.0	0.48141	0.3334	
2705.0	0.0	0.48193	0.3334	
2706.0	0.0	0.48219	0.3315	
2707.0	0.0	0.48199	0.3307	
2708.0	0.0	0.48117	0.3338	
2709.0	0.0	0.48036	0.3254	
2710.0	0.0	0.47971	0.3227	
2711.0	0.0	0.47957	0.3231	
2712.0	0.0	0.48009	0.3227	
2713.0	0.0	0.48077	0.3235	
2714.0	0.0	0.48126	0.3494	
2715.0	0.0	0.4812	0.3422	
2716.0	0.0	0.48071	0.338	
2717.0	0.0	0.47986	0.341	
2718.0	0.0	0.47908	0.3433	
2719.0	0.0	0.47874	0.3227	
2720.0	0.0	0.47931	0.3304	
2721.0	0.0	0.4798	0.3315	
2722.0	0.0	0.48035	0.3368	
2723.0	0.0	0.48048	0.3223	
2724.0	0.0	0.48004	0.3212	
2725.0	0.0	0.479	0.3223	
2726.0	0.0	0.47841	0.3227	
2727.0	0.0	0.47789	0.3437	
2728.0	0.0	0.47797	0.3426	
2729.0	0.0	0.47859	0.3422	
2730.0	0.0	0.47919	0.3437	
2731.0	0.0	0.47946	0.3429	
2732.0	0.0	0.47925	0.341	
2733.0	0.0	0.4785	0.3387	
2734.0	0.0	0.47754	0.3342	
2735.0	0.0	0.47705	0.3296	
2736.0	0.0	0.47699	0.3246	
2737.0	0.0	0.47742	0.3231	
2738.0	0.0	0.47809	0.3239	
2739.0	0.0	0.47861	0.3239	
2740.0	0.0	0.47859	0.3231	
2741.0	0.0	0.47803	0.3242	
2742.0	0.0	0.47726	0.3502	
2743.0	0.0	0.47644	0.3464	
2744.0	0.0	0.47615	0.3437	
2745.0	0.0	0.47644	0.3414	
2746.0	0.0	0.47707	0.3399	
2747.0	0.0	0.47757	0.3376	
2748.0	0.0	0.47778	0.3361	
2749.0	0.0	0.47736	0.3353	
2750.0	0.0	0.47647	0.3384	
2751.0	0.0	0.47571	0.3319	
2752.0	0.0	0.47534	0.3239	
2753.0	0.0	0.4754	0.3235	
2754.0	0.0	0.47603	0.3242	
2755.0	0.0	0.47667	0.3639	
2756.0	0.0	0.47693	0.346	
2757.0	0.0	0.47675	0.3437	
2758.0	0.0	0.4761	0.3403	
2759.0	0.0	0.47516	0.3323	
2760.0	0.0	0.47461	0.3315	
2761.0	0.0	0.47455	0.3242	
2762.0	0.0	0.47498	0.3239	
2763.0	0.0	0.47565	0.3593	
2764.0	0.0	0.47618	0.3437	
2765.0	0.0	0.47614	0.3429	
2766.0	0.0	0.47552	0.3353	
2767.0	0.0	0.47467	0.3368	
2768.0	0.0	0.47374	0.3281	
2769.0	0.0	0.47362	0.3246	
2770.0	0.0	0.47394	0.3246	
2771.0	0.0	0.47443	0.3498	
2772.0	0.0	0.47499	0.3426	
2773.0	0.0	0.47523	0.3361	
2774.0	0.0	0.47467	0.3319	
2775.0	0.0	0.47394	0.3326	
2776.0	0.0	0.47308	0.3277	
2777.0	0.0	0.47256	0.3239	
2778.0	0.0	0.47272	0.3628	
2779.0	0.0	0.47327	0.3437	
2780.0	0.0	0.47395	0.3368	
2781.0	0.0	0.47418	0.3399	
2782.0	0.0	0.474	0.3258	
2783.0	0.0	0.47353	0.325	
2784.0	0.0	0.47247	0.3239	
2785.0	0.0	0.47186	0.3506	
2786.0	0.0	0.47186	0.3376	
2787.0	0.0	0.47232	0.3368	
2788.0	0.0	0.4729	0.325	
2789.0	0.0	0.47339	0.3429	
2790.0	0.0	0.47333	0.3353	
2791.0	0.0	0.47284	0.3326	
2792.0	0.0	0.4718	0.3403	
2793.0	0.0	0.47108	0.3315	
2794.0	0.0	0.47081	0.3254	
2795.0	0.0	0.47113	0.3246	
2796.0	0.0	0.47169	0.3239	
2797.0	0.0	0.47229	0.351	
2798.0	0.0	0.47238	0.3437	
2799.0	0.0	0.47174	0.3387	
2800.0	0.0	0.47102	0.3326	
2801.0	0.0	0.47017	0.3395	
2802.0	0.0	0.46954	0.3265	
2803.0	0.0	0.4697	0.3242	
2804.0	0.0	0.47015	0.3544	
2805.0	0.0	0.47089	0.3441	
2806.0	0.0	0.4711	0.3365	
2807.0	0.0	0.47083	0.3368	
2808.0	0.0	0.47015	0.3258	
2809.0	0.0	0.46921	0.3441	
2810.0	0.0	0.46852	0.3387	
2811.0	0.0	0.4684	0.3342	
2812.0	0.0	0.46886	0.3345	
2813.0	0.0	0.46941	0.3304	
2814.0	0.0	0.46991	0.3262	
2815.0	0.0	0.46979	0.325	
2816.0	0.0	0.46913	0.3532	
2817.0	0.0	0.46823	0.3441	
2818.0	0.0	0.46735	0.3414	
2819.0	0.0	0.46698	0.3407	
2820.0	0.0	0.46738	0.3357	
2821.0	0.0	0.46796	0.3399	
2822.0	0.0	0.46844	0.3387	
2823.0	0.0	0.46869	0.3357	
2824.0	0.0	0.46826	0.3288	
2825.0	0.0	0.46713	0.3254	
2826.0	0.0	0.46637	0.3265	
2827.0	0.0	0.46584	0.3456	
2828.0	0.0	0.46588	0.3437	
2829.0	0.0	0.46637	0.3387	
2830.0	0.0	0.4671	0.333	
2831.0	0.0	0.46741	0.3407	
2832.0	0.0	0.46707	0.3307	
2833.0	0.0	0.46613	0.3262	
2834.0	0.0	0.46527	0.3254	
2835.0	0.0	0.46457	0.3246	
2836.0	0.0	0.46454	0.367	
2837.0	0.0	0.4649	0.3437	
2838.0	0.0	0.46553	0.3345	
2839.0	0.0	0.46594	0.3326	
2840.0	0.0	0.46582	0.3262	
2841.0	0.0	0.46516	0.3254	
2842.0	0.0	0.46414	0.3464	
2843.0	0.0	0.46346	0.3368	
2844.0	0.0	0.46315	0.3288	
2845.0	0.0	0.46344	0.3254	
2846.0	0.0	0.46399	0.3494	
2847.0	0.0	0.46437	0.3448	
2848.0	0.0	0.46442	0.3368	
2849.0	0.0	0.46393	0.3326	
2850.0	0.0	0.46315	0.333	
2851.0	0.0	0.4623	0.3258	
2852.0	0.0	0.46173	0.3265	
2853.0	0.0	0.46191	0.3445	
2854.0	0.0	0.46239	0.3357	
2855.0	0.0	0.4632	0.3407	
2856.0	0.0	0.46329	0.3319	
2857.0	0.0	0.46307	0.3307	
2858.0	0.0	0.46213	0.3296	
2859.0	0.0	0.46121	0.3258	
2860.0	0.0	0.46054	0.3246	
2861.0	0.0	0.46046	0.3258	
2862.0	0.0	0.46097	0.3437	
2863.0	0.0	0.46149	0.3372	
2864.0	0.0	0.4619	0.3365	
2865.0	0.0	0.46161	0.325	
2866.0	0.0	0.46103	0.3258	
2867.0	0.0	0.46014	0.3265	
2868.0	0.0	0.45941	0.3258	
2869.0	0.0	0.45892	0.3609	
2870.0	0.0	0.45924	0.3658	
2871.0	0.0	0.45969	0.3498	
2872.0	0.0	0.46022	0.3437	
2873.0	0.0	0.4603	0.3399	
2874.0	0.0	0.45972	0.3368	
2875.0	0.0	0.45877	0.3338	
2876.0	0.0	0.45801	0.3418	
2877.0	0.0	0.45746	0.3334	
2878.0	0.0	0.45746	0.3262	
2879.0	0.0	0.45795	0.3262	
2880.0	0.0	0.4585	0.3498	
2881.0	0.0	0.45863	0.3426	
2882.0	0.0	0.45819	0.3353	
2883.0	0.0	0.45752	0.3338	
2884.0	0.0	0.45645	0.333	
2885.0	0.0	0.4558	0.3391	
2886.0	0.0	0.45558	0.3288	
2887.0	0.0	0.45599	0.3242	
2888.0	0.0	0.45648	0.3452	
2889.0	0.0	0.45694	0.3365	
2890.0	0.0	0.45673	0.3395	
2891.0	0.0	0.45618	0.325	
2892.0	0.0	0.45534	0.3479	
2893.0	0.0	0.45432	0.341	
2894.0	0.0	0.45395	0.3338	
2895.0	0.0	0.45424	0.3353	
2896.0	0.0	0.45477	0.3326	
2897.0	0.0	0.45523	0.3403	
2898.0	0.0	0.45526	0.3281	
2899.0	0.0	0.45467	0.3246	
2900.0	0.0	0.45375	0.3254	
2901.0	0.0	0.45294	0.3448	
2902.0	0.0	0.45227	0.3422	
2903.0	0.0	0.45224	0.3387	
2904.0	0.0	0.45282	0.3361	
2905.0	0.0	0.45332	0.3311	
2906.0	0.0	0.45358	0.3319	
2907.0	0.0	0.45319	0.3395	
2908.0	0.0	0.45233	0.333	
2909.0	0.0	0.45142	0.325	
2910.0	0.0	0.45074	0.3265	
2911.0	0.0	0.45065	0.349	
2912.0	0.0	0.45087	0.3426	
2913.0	0.0	0.45154	0.3319	
2914.0	0.0	0.45198	0.3288	
2915.0	0.0	0.4518	0.3254	
2916.0	0.0	0.45113	0.3441	
2917.0	0.0	0.45026	0.3391	
2918.0	0.0	0.44951	0.3414	
2919.0	0.0	0.44908	0.3277	
2920.0	0.0	0.4492	0.325	
2921.0	0.0	0.44997	0.3448	
2922.0	0.0	0.45038	0.3387	
2923.0	0.0	0.45044	0.3357	
2924.0	0.0	0.44995	0.3349	
2925.0	0.0	0.44899	0.3277	
2926.0	0.0	0.4481	0.3242	
2927.0	0.0	0.44766	0.3246	
2928.0	0.0	0.44763	0.3445	
2929.0	0.0	0.44818	0.3441	
2930.0	0.0	0.4487	0.3426	
2931.0	0.0	0.44888	0.3368	
2932.0	0.0	0.44847	0.3384	
2933.0	0.0	0.44777	0.3326	
2934.0	0.0	0.44684	0.3246	
2935.0	0.0	0.44598	0.3235	
2936.0	0.0	0.44589	0.3475	
2937.0	0.0	0.44635	0.3441	
2938.0	0.0	0.4469	0.3429	
2939.0	0.0	0.4472	0.3407	
2940.0	0.0	0.4472	0.3365	
2941.0	0.0	0.4465	0.3326	
2942.0	0.0	0.44543	0.3315	
2943.0	0.0	0.44472	0.3342	
2944.0	0.0	0.44435	0.3391	
2945.0	0.0	0.44455	0.3391	
2946.0	0.0	0.44519	0.3262	
2947.0	0.0	0.44577	0.3223	
2948.0	0.0	0.44579	0.3567	
2949.0	0.0	0.44519	0.3433	
2950.0	0.0	0.44441	0.3384	
2951.0	0.0	0.44348	0.333	
2952.0	0.0	0.44293	0.3338	
2953.0	0.0	0.44316	0.3239	
2954.0	0.0	0.44348	0.3242	
2955.0	0.0	0.44427	0.3426	
2956.0	0.0	0.4444	0.341	
2957.0	0.0	0.44418	0.3361	
2958.0	0.0	0.44331	0.3307	
2959.0	0.0	0.44232	0.3365	
2960.0	0.0	0.44177	0.3265	
2961.0	0.0	0.44162	0.3239	
2962.0	0.0	0.44208	0.3239	
2963.0	0.0	0.44275	0.3418	
2964.0	0.0	0.44318	0.3319	
2965.0	0.0	0.44312	0.3372	
2966.0	0.0	0.44263	0.3376	
2967.0	0.0	0.44167	0.3277	
2968.0	0.0	0.44086	0.3239	
2969.0	0.0	0.44055	0.3231	
2970.0	0.0	0.44092	0.3246	
2971.0	0.0	0.44165	0.3422	
2972.0	0.0	0.44226	0.3399	
2973.0	0.0	0.44228	0.3403	
2974.0	0.0	0.44183	0.3391	
2975.0	0.0	0.44104	0.3353	
2976.0	0.0	0.44016	0.3334	
2977.0	0.0	0.43971	0.3334	
2978.0	0.0	0.44	0.3315	
2979.0	0.0	0.44049	0.3315	
2980.0	0.0	0.44106	0.3296	
2981.0	0.0	0.44141	0.3353	
2982.0	0.0	0.44107	0.3342	
2983.0	0.0	0.44041	0.3307	
2984.0	0.0	0.43942	0.3231	
2985.0	0.0	0.43886	0.3242	
2986.0	0.0	0.43878	0.3296	
2987.0	0.0	0.43932	0.3304	
2988.0	0.0	0.44	0.3304	
2989.0	0.0	0.44049	0.3311	
2990.0	0.0	0.44031	0.3368	
2991.0	0.0	0.43936	0.3445	
2992.0	0.0	0.43892	0.322	
2993.0	0.0	0.43834	0.3223	
2994.0	0.0	0.43796	0.3422	
2995.0	0.0	0.43825	0.3399	
2996.0	0.0	0.4389	0.3391	
2997.0	0.0	0.4393	0.3345	
2998.0	0.0	0.43939	0.3292	
2999.0	0.0	0.43898	0.3334	
