# OpenSignals Text File Format. Version 1
# {"00:07:80:89:7F:D7": {"position": 0, "device": "biosignalsplux", "device name": "00:07:80:89:7F:D7", "device connection": "BTH00:07:80:89:7F:D7", "sampling rate": 1000, "resolution": [16, 16], "firmware version": 776, "comments": "", "keywords": "", "mode": 0, "sync interval": 2, "date": "2022-10-20", "time": "10:5:26.799", "channels": [1, 2], "sensor": ["BVP", "EDA"], "label": ["CH1", "CH2"], "column": ["nSeq", "DI", "CH1", "CH2"], "special": [{"SpO2": [80, 40, 5, 4, 3, 3]}, {"SpO2": [80, 40, 5, 4, 3, 3]}, {"SpO2": [80, 40, 5, 4, 3, 3]}, {"SpO2": [80, 40, 5, 4, 3, 3]}, {"SpO2": [80, 40, 5, 4, 3, 3]}, {"SpO2": [80, 40, 5, 4, 3, 3]}, {"SpO2": [80, 40, 5, 4, 3, 3]}, {"SpO2": [80, 40, 5, 4, 3, 3]}], "digital IO": [0, 1], "sleeve color": ["green", "red"], "convertedValues": 1}}
# EndOfHeader
0.0	0.0	0.46753	0.3185	
1.0	0.0	0.46817	0.3273	
2.0	0.0	0.46873	0.3403	
3.0	0.0	0.46948	0.3223	
4.0	0.0	0.46942	0.3338	
5.0	0.0	0.46893	0.3193	
6.0	0.0	0.46799	0.3262	
7.0	0.0	0.46738	0.3403	
8.0	0.0	0.46722	0.3311	
9.0	0.0	0.46767	0.3384	
10.0	0.0	0.46832	0.3201	
11.0	0.0	0.46899	0.3323	
12.0	0.0	0.46924	0.3189	
13.0	0.0	0.46877	0.3292	
14.0	0.0	0.46797	0.3437	
15.0	0.0	0.4671	0.3246	
16.0	0.0	0.46669	0.3342	
17.0	0.0	0.46678	0.3197	
18.0	0.0	0.46741	0.33	
19.0	0.0	0.46822	0.338	
20.0	0.0	0.46863	0.3212	
21.0	0.0	0.4684	0.333	
22.0	0.0	0.46774	0.3178	
23.0	0.0	0.46675	0.3292	
24.0	0.0	0.46617	0.3189	
25.0	0.0	0.46616	0.3311	
26.0	0.0	0.46674	0.3368	
27.0	0.0	0.46756	0.3181	
28.0	0.0	0.46826	0.3349	
29.0	0.0	0.46832	0.338	
30.0	0.0	0.46777	0.3193	
31.0	0.0	0.46695	0.3296	
32.0	0.0	0.46632	0.3201	
33.0	0.0	0.466	0.3265	
34.0	0.0	0.46637	0.3338	
35.0	0.0	0.46722	0.3189	
36.0	0.0	0.46791	0.3277	
37.0	0.0	0.46828	0.3407	
38.0	0.0	0.46786	0.3239	
39.0	0.0	0.46704	0.3361	
40.0	0.0	0.46626	0.3208	
41.0	0.0	0.46588	0.3326	
42.0	0.0	0.46613	0.3193	
43.0	0.0	0.4668	0.3254	
44.0	0.0	0.46747	0.3365	
45.0	0.0	0.46791	0.3193	
46.0	0.0	0.46768	0.33	
47.0	0.0	0.46683	0.3208	
48.0	0.0	0.46606	0.3323	
49.0	0.0	0.4653	0.3387	
50.0	0.0	0.46536	0.3204	
51.0	0.0	0.4659	0.3349	
52.0	0.0	0.46652	0.3189	
53.0	0.0	0.4671	0.3273	
54.0	0.0	0.4671	0.3201	
55.0	0.0	0.46645	0.3323	
56.0	0.0	0.46548	0.3372	
57.0	0.0	0.46481	0.3193	
58.0	0.0	0.46461	0.3277	
59.0	0.0	0.46494	0.3418	
60.0	0.0	0.46561	0.3277	
61.0	0.0	0.46637	0.3391	
62.0	0.0	0.46669	0.333	
63.0	0.0	0.46625	0.3201	
64.0	0.0	0.46547	0.3288	
65.0	0.0	0.46457	0.3197	
66.0	0.0	0.46405	0.3269	
67.0	0.0	0.46436	0.3201	
68.0	0.0	0.46506	0.3281	
69.0	0.0	0.46585	0.3204	
70.0	0.0	0.46632	0.3265	
71.0	0.0	0.46613	0.3193	
72.0	0.0	0.46555	0.3254	
73.0	0.0	0.46478	0.3201	
74.0	0.0	0.46423	0.3258	
75.0	0.0	0.46423	0.3189	
76.0	0.0	0.46494	0.3288	
77.0	0.0	0.46573	0.3208	
78.0	0.0	0.46651	0.3326	
79.0	0.0	0.46661	0.3197	
80.0	0.0	0.46617	0.3307	
81.0	0.0	0.46552	0.3193	
82.0	0.0	0.46494	0.33	
83.0	0.0	0.46478	0.3201	
84.0	0.0	0.46524	0.3281	
85.0	0.0	0.46613	0.3429	
86.0	0.0	0.46698	0.3315	
87.0	0.0	0.46735	0.3376	
88.0	0.0	0.46712	0.3216	
89.0	0.0	0.46637	0.3357	
90.0	0.0	0.46558	0.3223	
91.0	0.0	0.46539	0.3353	
92.0	0.0	0.4657	0.3216	
93.0	0.0	0.46642	0.3357	
94.0	0.0	0.46713	0.3197	
95.0	0.0	0.4678	0.3292	
96.0	0.0	0.46765	0.3437	
97.0	0.0	0.4671	0.333	
98.0	0.0	0.46643	0.3407	
99.0	0.0	0.46582	0.3284	
100.0	0.0	0.466	0.3384	
101.0	0.0	0.46638	0.322	
102.0	0.0	0.46738	0.3376	
103.0	0.0	0.46809	0.322	
104.0	0.0	0.46826	0.3319	
105.0	0.0	0.46783	0.3422	
106.0	0.0	0.46716	0.3265	
107.0	0.0	0.46654	0.3376	
108.0	0.0	0.46649	0.3201	
109.0	0.0	0.46686	0.3315	
110.0	0.0	0.46791	0.3212	
111.0	0.0	0.46886	0.3307	
112.0	0.0	0.46931	0.3216	
113.0	0.0	0.46913	0.3357	
114.0	0.0	0.46857	0.3407	
115.0	0.0	0.46799	0.3231	
116.0	0.0	0.46771	0.3345	
117.0	0.0	0.46808	0.3201	
118.0	0.0	0.46906	0.3326	
119.0	0.0	0.46994	0.3216	
120.0	0.0	0.47078	0.3284	
121.0	0.0	0.47093	0.3426	
122.0	0.0	0.47066	0.333	
123.0	0.0	0.47008	0.3414	
124.0	0.0	0.4698	0.33	
125.0	0.0	0.47017	0.341	
126.0	0.0	0.47095	0.3273	
127.0	0.0	0.47217	0.3403	
128.0	0.0	0.47314	0.322	
129.0	0.0	0.47345	0.3395	
130.0	0.0	0.47342	0.3273	
131.0	0.0	0.4729	0.3414	
132.0	0.0	0.47243	0.3269	
133.0	0.0	0.47266	0.3399	
134.0	0.0	0.47321	0.3208	
135.0	0.0	0.47435	0.3315	
136.0	0.0	0.47552	0.3208	
137.0	0.0	0.47618	0.33	
138.0	0.0	0.4762	0.3384	
139.0	0.0	0.47583	0.3197	
140.0	0.0	0.47543	0.3315	
141.0	0.0	0.4754	0.3403	
142.0	0.0	0.47595	0.3216	
143.0	0.0	0.47696	0.3296	
144.0	0.0	0.47809	0.341	
145.0	0.0	0.47896	0.3223	
146.0	0.0	0.47937	0.333	
147.0	0.0	0.47919	0.3208	
148.0	0.0	0.47876	0.3315	
149.0	0.0	0.47858	0.338	
150.0	0.0	0.47894	0.3208	
151.0	0.0	0.47984	0.3304	
152.0	0.0	0.48111	0.3197	
153.0	0.0	0.48224	0.3323	
154.0	0.0	0.4828	0.3193	
155.0	0.0	0.48285	0.3323	
156.0	0.0	0.48224	0.3201	
157.0	0.0	0.48199	0.3311	
158.0	0.0	0.48215	0.3197	
159.0	0.0	0.48293	0.33	
160.0	0.0	0.4841	0.3593	
161.0	0.0	0.48517	0.3361	
162.0	0.0	0.48615	0.3407	
163.0	0.0	0.48608	0.3223	
164.0	0.0	0.48572	0.3326	
165.0	0.0	0.48541	0.3193	
166.0	0.0	0.48511	0.3304	
167.0	0.0	0.48572	0.3216	
168.0	0.0	0.48688	0.3273	
169.0	0.0	0.48795	0.3506	
170.0	0.0	0.48889	0.3319	
171.0	0.0	0.48929	0.349	
172.0	0.0	0.48883	0.3315	
173.0	0.0	0.4884	0.341	
174.0	0.0	0.48816	0.3223	
175.0	0.0	0.48837	0.338	
176.0	0.0	0.48933	0.3201	
177.0	0.0	0.49049	0.3311	
178.0	0.0	0.49164	0.3456	
179.0	0.0	0.49213	0.3307	
180.0	0.0	0.49194	0.3376	
181.0	0.0	0.49158	0.3201	
182.0	0.0	0.49106	0.3273	
183.0	0.0	0.49115	0.341	
184.0	0.0	0.49188	0.3204	
185.0	0.0	0.49319	0.3365	
186.0	0.0	0.49432	0.3235	
187.0	0.0	0.49495	0.3372	
188.0	0.0	0.49506	0.3204	
189.0	0.0	0.49461	0.3338	
190.0	0.0	0.49396	0.3208	
191.0	0.0	0.49393	0.3326	
192.0	0.0	0.49432	0.3193	
193.0	0.0	0.49559	0.3319	
194.0	0.0	0.49669	0.3193	
195.0	0.0	0.49756	0.3311	
196.0	0.0	0.49786	0.3201	
197.0	0.0	0.49762	0.3277	
198.0	0.0	0.49707	0.3208	
199.0	0.0	0.49673	0.3334	
200.0	0.0	0.49715	0.3201	
201.0	0.0	0.49792	0.33	
202.0	0.0	0.49918	0.3525	
203.0	0.0	0.50009	0.3349	
204.0	0.0	0.50069	0.3387	
205.0	0.0	0.50049	0.3204	
206.0	0.0	0.49994	0.3342	
207.0	0.0	0.49945	0.3193	
208.0	0.0	0.49957	0.3361	
209.0	0.0	0.50008	0.3395	
210.0	0.0	0.5011	0.3204	
211.0	0.0	0.50215	0.333	
212.0	0.0	0.50282	0.3212	
213.0	0.0	0.50276	0.3361	
214.0	0.0	0.5022	0.3395	
215.0	0.0	0.50166	0.3231	
216.0	0.0	0.50143	0.3368	
217.0	0.0	0.50174	0.3216	
218.0	0.0	0.50262	0.3357	
219.0	0.0	0.50372	0.3193	
220.0	0.0	0.50439	0.3277	
221.0	0.0	0.50455	0.3506	
222.0	0.0	0.5041	0.33	
223.0	0.0	0.50337	0.3593	
224.0	0.0	0.50281	0.3368	
225.0	0.0	0.5029	0.3403	
226.0	0.0	0.50351	0.325	
227.0	0.0	0.50449	0.3391	
228.0	0.0	0.50537	0.3201	
229.0	0.0	0.50574	0.3326	
230.0	0.0	0.5054	0.3399	
231.0	0.0	0.50458	0.3212	
232.0	0.0	0.50389	0.3342	
233.0	0.0	0.50372	0.3197	
234.0	0.0	0.50426	0.3296	
235.0	0.0	0.50507	0.3456	
236.0	0.0	0.50587	0.3319	
237.0	0.0	0.50653	0.3391	
238.0	0.0	0.50629	0.3208	
239.0	0.0	0.50555	0.3349	
240.0	0.0	0.50488	0.3208	
241.0	0.0	0.50458	0.3338	
242.0	0.0	0.5047	0.3208	
243.0	0.0	0.50539	0.3269	
244.0	0.0	0.50629	0.359	
245.0	0.0	0.5069	0.3365	
246.0	0.0	0.50697	0.3403	
247.0	0.0	0.50641	0.3246	
248.0	0.0	0.50555	0.3349	
249.0	0.0	0.50504	0.3212	
250.0	0.0	0.505	0.3357	
251.0	0.0	0.50545	0.3403	
252.0	0.0	0.50641	0.325	
253.0	0.0	0.50697	0.3395	
254.0	0.0	0.50726	0.3254	
255.0	0.0	0.50684	0.3391	
256.0	0.0	0.50609	0.3208	
257.0	0.0	0.50543	0.3345	
258.0	0.0	0.50508	0.3204	
259.0	0.0	0.50543	0.3304	
260.0	0.0	0.5061	0.3197	
261.0	0.0	0.50702	0.3365	
262.0	0.0	0.5074	0.3563	
263.0	0.0	0.50726	0.3349	
264.0	0.0	0.5065	0.3399	
265.0	0.0	0.50574	0.3288	
266.0	0.0	0.50522	0.341	
267.0	0.0	0.50543	0.3353	
268.0	0.0	0.50616	0.3426	
269.0	0.0	0.50697	0.3342	
270.0	0.0	0.50758	0.341	
271.0	0.0	0.50775	0.3216	
272.0	0.0	0.50729	0.3315	
273.0	0.0	0.50638	0.3208	
274.0	0.0	0.50583	0.3357	
275.0	0.0	0.50574	0.3422	
276.0	0.0	0.50618	0.3265	
277.0	0.0	0.50719	0.3372	
278.0	0.0	0.508	0.3197	
279.0	0.0	0.50836	0.3345	
280.0	0.0	0.50793	0.3193	
281.0	0.0	0.50723	0.33	
282.0	0.0	0.50665	0.3437	
283.0	0.0	0.50648	0.3353	
284.0	0.0	0.50684	0.3407	
285.0	0.0	0.50739	0.3216	
286.0	0.0	0.50842	0.3365	
287.0	0.0	0.50888	0.3204	
288.0	0.0	0.50874	0.3361	
289.0	0.0	0.50806	0.3208	
290.0	0.0	0.50739	0.33	
291.0	0.0	0.5069	0.3574	
292.0	0.0	0.50705	0.3315	
293.0	0.0	0.50777	0.3391	
294.0	0.0	0.50861	0.3223	
295.0	0.0	0.50928	0.3319	
296.0	0.0	0.50928	0.3216	
297.0	0.0	0.50874	0.3338	
298.0	0.0	0.50803	0.3407	
299.0	0.0	0.50716	0.3208	
300.0	0.0	0.50717	0.3307	
301.0	0.0	0.50764	0.322	
302.0	0.0	0.50839	0.3281	
303.0	0.0	0.50917	0.3567	
304.0	0.0	0.50946	0.3349	
305.0	0.0	0.50903	0.3403	
306.0	0.0	0.50812	0.3201	
307.0	0.0	0.50739	0.3345	
308.0	0.0	0.50714	0.3193	
309.0	0.0	0.50735	0.33	
310.0	0.0	0.50809	0.3197	
311.0	0.0	0.50885	0.3284	
312.0	0.0	0.50916	0.3338	
313.0	0.0	0.50902	0.3223	
314.0	0.0	0.5083	0.3357	
315.0	0.0	0.50732	0.338	
316.0	0.0	0.50667	0.3204	
317.0	0.0	0.50679	0.3292	
318.0	0.0	0.50739	0.341	
319.0	0.0	0.50827	0.3193	
320.0	0.0	0.50862	0.3334	
321.0	0.0	0.50861	0.3368	
322.0	0.0	0.50806	0.3189	
323.0	0.0	0.50711	0.3277	
324.0	0.0	0.50641	0.3338	
325.0	0.0	0.50629	0.3201	
326.0	0.0	0.50653	0.3357	
327.0	0.0	0.50732	0.3387	
328.0	0.0	0.508	0.3216	
329.0	0.0	0.50806	0.3372	
330.0	0.0	0.50745	0.3208	
331.0	0.0	0.50665	0.3361	
332.0	0.0	0.50581	0.3197	
333.0	0.0	0.50531	0.3284	
334.0	0.0	0.50555	0.3208	
335.0	0.0	0.50623	0.33	
336.0	0.0	0.50702	0.3212	
337.0	0.0	0.50729	0.3368	
338.0	0.0	0.50702	0.3395	
339.0	0.0	0.50621	0.3262	
340.0	0.0	0.50545	0.3338	
341.0	0.0	0.50476	0.3189	
342.0	0.0	0.50482	0.3315	
343.0	0.0	0.50558	0.3345	
344.0	0.0	0.50635	0.3201	
345.0	0.0	0.50705	0.3323	
346.0	0.0	0.5069	0.3315	
347.0	0.0	0.50633	0.3193	
348.0	0.0	0.50528	0.3334	
349.0	0.0	0.50464	0.3399	
350.0	0.0	0.50459	0.3204	
351.0	0.0	0.505	0.3334	
352.0	0.0	0.50581	0.3201	
353.0	0.0	0.50636	0.3365	
354.0	0.0	0.50647	0.3391	
355.0	0.0	0.50616	0.3201	
356.0	0.0	0.50523	0.333	
357.0	0.0	0.50447	0.3193	
358.0	0.0	0.504	0.3349	
359.0	0.0	0.50415	0.3525	
360.0	0.0	0.50494	0.3273	
361.0	0.0	0.50563	0.3189	
362.0	0.0	0.50595	0.3262	
363.0	0.0	0.5058	0.3578	
364.0	0.0	0.50507	0.3349	
365.0	0.0	0.5043	0.3372	
366.0	0.0	0.5036	0.3185	
367.0	0.0	0.50368	0.3277	
368.0	0.0	0.50423	0.3464	
369.0	0.0	0.50508	0.3338	
370.0	0.0	0.50555	0.3391	
371.0	0.0	0.50562	0.322	
372.0	0.0	0.50513	0.3315	
373.0	0.0	0.50436	0.3193	
374.0	0.0	0.5036	0.3353	
375.0	0.0	0.50331	0.3368	
376.0	0.0	0.50385	0.3193	
377.0	0.0	0.5047	0.3288	
378.0	0.0	0.50555	0.3441	
379.0	0.0	0.50581	0.3315	
380.0	0.0	0.5054	0.3387	
381.0	0.0	0.5047	0.3185	
382.0	0.0	0.50397	0.3284	
383.0	0.0	0.5036	0.3452	
384.0	0.0	0.50392	0.3262	
385.0	0.0	0.5047	0.3365	
386.0	0.0	0.50563	0.3193	
387.0	0.0	0.50623	0.3281	
388.0	0.0	0.506	0.3391	
389.0	0.0	0.50533	0.3197	
390.0	0.0	0.5047	0.3277	
391.0	0.0	0.50414	0.341	
392.0	0.0	0.50421	0.3246	
393.0	0.0	0.50491	0.3353	
394.0	0.0	0.5058	0.3197	
395.0	0.0	0.50653	0.33	
396.0	0.0	0.50655	0.3437	
397.0	0.0	0.50618	0.3281	
398.0	0.0	0.50529	0.3365	
399.0	0.0	0.50471	0.3201	
400.0	0.0	0.50458	0.3334	
401.0	0.0	0.50488	0.3197	
402.0	0.0	0.50575	0.3307	
403.0	0.0	0.50647	0.3197	
404.0	0.0	0.50673	0.3273	
405.0	0.0	0.50642	0.341	
406.0	0.0	0.50574	0.3365	
407.0	0.0	0.50496	0.3395	
408.0	0.0	0.50435	0.322	
409.0	0.0	0.50467	0.3365	
410.0	0.0	0.50531	0.3193	
411.0	0.0	0.50616	0.33	
412.0	0.0	0.50661	0.3197	
413.0	0.0	0.50641	0.3277	
414.0	0.0	0.5058	0.359	
415.0	0.0	0.50491	0.3349	
416.0	0.0	0.50417	0.3384	
417.0	0.0	0.50414	0.3216	
418.0	0.0	0.50476	0.3307	
419.0	0.0	0.5056	0.3197	
420.0	0.0	0.50618	0.3326	
421.0	0.0	0.5061	0.3334	
422.0	0.0	0.50555	0.354	
423.0	0.0	0.50467	0.3223	
424.0	0.0	0.50385	0.3304	
425.0	0.0	0.50366	0.3193	
426.0	0.0	0.50412	0.333	
427.0	0.0	0.50476	0.3376	
428.0	0.0	0.50551	0.3193	
429.0	0.0	0.50586	0.3326	
430.0	0.0	0.50543	0.3185	
431.0	0.0	0.5047	0.3288	
432.0	0.0	0.50391	0.3193	
433.0	0.0	0.50339	0.3273	
434.0	0.0	0.50362	0.3193	
435.0	0.0	0.50426	0.3345	
436.0	0.0	0.50494	0.3571	
437.0	0.0	0.50557	0.3319	
438.0	0.0	0.50551	0.3376	
439.0	0.0	0.50465	0.3189	
440.0	0.0	0.50391	0.3338	
441.0	0.0	0.50333	0.3193	
442.0	0.0	0.50323	0.3296	
443.0	0.0	0.50381	0.3189	
444.0	0.0	0.50476	0.3349	
445.0	0.0	0.50534	0.3384	
446.0	0.0	0.50545	0.3197	
447.0	0.0	0.50496	0.3326	
448.0	0.0	0.50427	0.3304	
449.0	0.0	0.50339	0.3384	
450.0	0.0	0.50328	0.3189	
451.0	0.0	0.50363	0.3288	
452.0	0.0	0.50458	0.3399	
453.0	0.0	0.50546	0.3193	
454.0	0.0	0.5056	0.3281	
455.0	0.0	0.50545	0.3185	
456.0	0.0	0.50488	0.3319	
457.0	0.0	0.50403	0.3395	
458.0	0.0	0.50356	0.3201	
459.0	0.0	0.50391	0.33	
460.0	0.0	0.50464	0.3426	
461.0	0.0	0.50545	0.3189	
462.0	0.0	0.50592	0.3307	
463.0	0.0	0.50592	0.3407	
464.0	0.0	0.50523	0.3265	
465.0	0.0	0.50446	0.3353	
466.0	0.0	0.50397	0.3181	
467.0	0.0	0.50397	0.3288	
468.0	0.0	0.50464	0.3548	
469.0	0.0	0.50543	0.3277	
470.0	0.0	0.50612	0.3361	
471.0	0.0	0.5063	0.3189	
472.0	0.0	0.50586	0.3269	
473.0	0.0	0.5051	0.3384	
474.0	0.0	0.50446	0.3181	
475.0	0.0	0.50436	0.3277	
476.0	0.0	0.50476	0.3574	
477.0	0.0	0.5056	0.3349	
478.0	0.0	0.50624	0.3468	
479.0	0.0	0.50677	0.3269	
480.0	0.0	0.50641	0.3361	
481.0	0.0	0.50558	0.3178	
482.0	0.0	0.50485	0.3311	
483.0	0.0	0.50446	0.341	
484.0	0.0	0.50458	0.3235	
485.0	0.0	0.50526	0.3342	
486.0	0.0	0.50598	0.3189	
487.0	0.0	0.50641	0.3265	
488.0	0.0	0.50647	0.338	
489.0	0.0	0.50569	0.3193	
490.0	0.0	0.50494	0.3307	
491.0	0.0	0.50421	0.3181	
492.0	0.0	0.50415	0.3349	
493.0	0.0	0.50468	0.3387	
494.0	0.0	0.50543	0.3223	
495.0	0.0	0.50592	0.3368	
496.0	0.0	0.50598	0.317	
497.0	0.0	0.50543	0.325	
498.0	0.0	0.50459	0.3384	
499.0	0.0	0.50362	0.3212	
500.0	0.0	0.50337	0.3326	
501.0	0.0	0.50357	0.3185	
502.0	0.0	0.50446	0.3349	
503.0	0.0	0.50482	0.3395	
504.0	0.0	0.50514	0.3212	
505.0	0.0	0.50482	0.3334	
506.0	0.0	0.50397	0.3181	
507.0	0.0	0.50299	0.3269	
508.0	0.0	0.50253	0.3189	
509.0	0.0	0.50258	0.3296	
510.0	0.0	0.50313	0.3178	
511.0	0.0	0.50372	0.3273	
512.0	0.0	0.50427	0.3437	
513.0	0.0	0.50409	0.3304	
514.0	0.0	0.50336	0.3365	
515.0	0.0	0.5025	0.3189	
516.0	0.0	0.50169	0.3254	
517.0	0.0	0.50159	0.3437	
518.0	0.0	0.50198	0.3258	
519.0	0.0	0.50252	0.3353	
520.0	0.0	0.50319	0.3185	
521.0	0.0	0.5033	0.333	
522.0	0.0	0.5027	0.3311	
523.0	0.0	0.50179	0.3193	
524.0	0.0	0.50084	0.33	
525.0	0.0	0.50049	0.3372	
526.0	0.0	0.50058	0.3181	
527.0	0.0	0.50121	0.3292	
528.0	0.0	0.50189	0.3555	
529.0	0.0	0.50209	0.3315	
530.0	0.0	0.50182	0.3387	
531.0	0.0	0.50099	0.3193	
532.0	0.0	0.49994	0.3323	
533.0	0.0	0.49951	0.3178	
534.0	0.0	0.49945	0.325	
535.0	0.0	0.5	0.3387	
536.0	0.0	0.5007	0.3193	
537.0	0.0	0.50111	0.3311	
538.0	0.0	0.50098	0.3193	
539.0	0.0	0.50037	0.3319	
540.0	0.0	0.49922	0.3361	
541.0	0.0	0.49863	0.3185	
542.0	0.0	0.49831	0.33	
543.0	0.0	0.49884	0.3193	
544.0	0.0	0.49945	0.3342	
545.0	0.0	0.50011	0.3368	
546.0	0.0	0.50009	0.3197	
547.0	0.0	0.49963	0.3323	
548.0	0.0	0.49864	0.351	
549.0	0.0	0.49763	0.325	
550.0	0.0	0.49725	0.3338	
551.0	0.0	0.49756	0.3185	
552.0	0.0	0.49821	0.3342	
553.0	0.0	0.49876	0.3376	
554.0	0.0	0.49896	0.3201	
555.0	0.0	0.49872	0.3288	
556.0	0.0	0.49783	0.3456	
557.0	0.0	0.4967	0.322	
558.0	0.0	0.49606	0.3311	
559.0	0.0	0.49625	0.3208	
560.0	0.0	0.49664	0.3269	
561.0	0.0	0.49727	0.3357	
562.0	0.0	0.49768	0.3181	
563.0	0.0	0.4975	0.3361	
564.0	0.0	0.49666	0.3407	
565.0	0.0	0.49556	0.3212	
566.0	0.0	0.49493	0.3284	
567.0	0.0	0.49457	0.3387	
568.0	0.0	0.49477	0.3208	
569.0	0.0	0.49536	0.3334	
570.0	0.0	0.49583	0.3193	
571.0	0.0	0.49593	0.3269	
572.0	0.0	0.49538	0.3414	
573.0	0.0	0.49432	0.3265	
574.0	0.0	0.49347	0.3357	
575.0	0.0	0.49298	0.3185	
576.0	0.0	0.49304	0.3342	
577.0	0.0	0.49347	0.3353	
578.0	0.0	0.49399	0.3197	
579.0	0.0	0.49423	0.3288	
580.0	0.0	0.49385	0.3376	
581.0	0.0	0.493	0.3204	
582.0	0.0	0.49176	0.3277	
583.0	0.0	0.4911	0.3414	
584.0	0.0	0.49103	0.322	
585.0	0.0	0.49135	0.3338	
586.0	0.0	0.49194	0.3193	
587.0	0.0	0.49225	0.3353	
588.0	0.0	0.492	0.3376	
589.0	0.0	0.4912	0.3208	
590.0	0.0	0.49019	0.3304	
591.0	0.0	0.48929	0.3403	
592.0	0.0	0.48891	0.3212	
593.0	0.0	0.48915	0.3292	
594.0	0.0	0.48961	0.3513	
595.0	0.0	0.49001	0.3345	
596.0	0.0	0.48997	0.338	
597.0	0.0	0.48926	0.3201	
598.0	0.0	0.4883	0.3288	
599.0	0.0	0.48724	0.3395	
600.0	0.0	0.48659	0.3201	
601.0	0.0	0.48659	0.3307	
602.0	0.0	0.48712	0.3426	
603.0	0.0	0.48752	0.3201	
604.0	0.0	0.48763	0.3292	
605.0	0.0	0.48708	0.3429	
606.0	0.0	0.48608	0.3307	
607.0	0.0	0.48505	0.3357	
608.0	0.0	0.48407	0.3193	
609.0	0.0	0.48395	0.3281	
610.0	0.0	0.48419	0.3193	
611.0	0.0	0.48456	0.3357	
612.0	0.0	0.48505	0.3372	
613.0	0.0	0.48451	0.3201	
614.0	0.0	0.48372	0.3269	
615.0	0.0	0.4825	0.3395	
616.0	0.0	0.48158	0.3296	
617.0	0.0	0.48109	0.3387	
618.0	0.0	0.48131	0.3269	
619.0	0.0	0.48175	0.3372	
620.0	0.0	0.48224	0.3204	
621.0	0.0	0.48212	0.3357	
622.0	0.0	0.48163	0.3193	
623.0	0.0	0.48067	0.3265	
624.0	0.0	0.47968	0.3441	
625.0	0.0	0.47908	0.3216	
626.0	0.0	0.47902	0.3349	
627.0	0.0	0.47955	0.3193	
628.0	0.0	0.48019	0.3304	
629.0	0.0	0.48022	0.3483	
630.0	0.0	0.47998	0.322	
631.0	0.0	0.47906	0.3349	
632.0	0.0	0.47815	0.3201	
633.0	0.0	0.47742	0.3338	
634.0	0.0	0.47711	0.3368	
635.0	0.0	0.4776	0.3189	
636.0	0.0	0.47824	0.3338	
637.0	0.0	0.47864	0.3376	
638.0	0.0	0.47839	0.3193	
639.0	0.0	0.47772	0.3349	
640.0	0.0	0.47665	0.3357	
641.0	0.0	0.47565	0.3189	
642.0	0.0	0.4754	0.3269	
643.0	0.0	0.47562	0.3365	
644.0	0.0	0.47598	0.3197	
645.0	0.0	0.47664	0.3258	
646.0	0.0	0.47667	0.3391	
647.0	0.0	0.47609	0.3204	
648.0	0.0	0.47516	0.3342	
649.0	0.0	0.47418	0.3197	
650.0	0.0	0.47346	0.3269	
651.0	0.0	0.47357	0.338	
652.0	0.0	0.47406	0.3212	
653.0	0.0	0.47462	0.3307	
654.0	0.0	0.47495	0.3414	
655.0	0.0	0.47447	0.3242	
656.0	0.0	0.47369	0.3357	
657.0	0.0	0.47272	0.3178	
658.0	0.0	0.47211	0.3288	
659.0	0.0	0.47186	0.3563	
660.0	0.0	0.47224	0.3258	
661.0	0.0	0.47298	0.3342	
662.0	0.0	0.4733	0.3193	
663.0	0.0	0.47333	0.3349	
664.0	0.0	0.4726	0.338	
665.0	0.0	0.47174	0.3185	
666.0	0.0	0.47083	0.3357	
667.0	0.0	0.47054	0.3387	
668.0	0.0	0.47076	0.3193	
669.0	0.0	0.4715	0.3311	
670.0	0.0	0.47186	0.3212	
671.0	0.0	0.47208	0.3353	
672.0	0.0	0.47168	0.3326	
673.0	0.0	0.4707	0.3582	
674.0	0.0	0.46964	0.3246	
675.0	0.0	0.46906	0.3349	
676.0	0.0	0.46918	0.3197	
677.0	0.0	0.46976	0.3342	
678.0	0.0	0.47028	0.3361	
679.0	0.0	0.47058	0.3193	
680.0	0.0	0.47028	0.3269	
681.0	0.0	0.46948	0.3391	
682.0	0.0	0.46864	0.3242	
683.0	0.0	0.46777	0.3349	
684.0	0.0	0.46767	0.3193	
685.0	0.0	0.46809	0.3361	
686.0	0.0	0.46881	0.3368	
687.0	0.0	0.46942	0.3193	
688.0	0.0	0.4693	0.3296	
689.0	0.0	0.46869	0.3319	
690.0	0.0	0.46779	0.3426	
691.0	0.0	0.46698	0.3197	
692.0	0.0	0.46663	0.3277	
693.0	0.0	0.46692	0.338	
694.0	0.0	0.46768	0.3212	
695.0	0.0	0.46832	0.3277	
696.0	0.0	0.46846	0.3387	
697.0	0.0	0.46826	0.3193	
698.0	0.0	0.46735	0.3304	
699.0	0.0	0.46657	0.3429	
700.0	0.0	0.46625	0.3216	
701.0	0.0	0.46631	0.3292	
702.0	0.0	0.46698	0.3395	
703.0	0.0	0.46777	0.3197	
704.0	0.0	0.46826	0.3353	
705.0	0.0	0.46802	0.338	
706.0	0.0	0.46738	0.3201	
707.0	0.0	0.46643	0.3323	
708.0	0.0	0.46582	0.333	
709.0	0.0	0.46577	0.3498	
710.0	0.0	0.46629	0.3235	
711.0	0.0	0.46718	0.3296	
712.0	0.0	0.46783	0.341	
713.0	0.0	0.46777	0.3204	
714.0	0.0	0.46732	0.3277	
715.0	0.0	0.46637	0.3338	
716.0	0.0	0.46576	0.3204	
717.0	0.0	0.46545	0.3349	
718.0	0.0	0.46576	0.338	
719.0	0.0	0.46657	0.3204	
720.0	0.0	0.46719	0.3212	
721.0	0.0	0.46759	0.3281	
722.0	0.0	0.46695	0.3403	
723.0	0.0	0.46637	0.3201	
724.0	0.0	0.46548	0.3288	
725.0	0.0	0.46503	0.3395	
726.0	0.0	0.46526	0.3201	
727.0	0.0	0.46588	0.3269	
728.0	0.0	0.46667	0.3365	
729.0	0.0	0.4671	0.3216	
730.0	0.0	0.46689	0.3216	
731.0	0.0	0.46645	0.3307	
732.0	0.0	0.46559	0.3407	
733.0	0.0	0.46497	0.3242	
734.0	0.0	0.46484	0.3357	
735.0	0.0	0.46545	0.3197	
736.0	0.0	0.46619	0.3292	
737.0	0.0	0.46675	0.3403	
738.0	0.0	0.467	0.3208	
739.0	0.0	0.46643	0.3311	
740.0	0.0	0.46545	0.3414	
741.0	0.0	0.46489	0.3246	
742.0	0.0	0.46454	0.3296	
743.0	0.0	0.46503	0.3464	
744.0	0.0	0.46567	0.3269	
745.0	0.0	0.46646	0.3391	
746.0	0.0	0.46687	0.322	
747.0	0.0	0.46664	0.3384	
748.0	0.0	0.46596	0.3197	
749.0	0.0	0.46503	0.3307	
750.0	0.0	0.46466	0.3197	
751.0	0.0	0.46484	0.3334	
752.0	0.0	0.46552	0.3391	
753.0	0.0	0.46631	0.3212	
754.0	0.0	0.46686	0.3323	
755.0	0.0	0.46671	0.3418	
756.0	0.0	0.46616	0.3365	
757.0	0.0	0.46523	0.3208	
758.0	0.0	0.46481	0.3208	
759.0	0.0	0.46466	0.3387	
760.0	0.0	0.46527	0.3376	
761.0	0.0	0.46596	0.333	
762.0	0.0	0.46649	0.3292	
763.0	0.0	0.46663	0.3338	
764.0	0.0	0.4664	0.325	
765.0	0.0	0.46564	0.3201	
766.0	0.0	0.46478	0.3208	
767.0	0.0	0.4646	0.3216	
768.0	0.0	0.46475	0.3536	
769.0	0.0	0.46552	0.3384	
770.0	0.0	0.46628	0.3361	
771.0	0.0	0.46661	0.3311	
772.0	0.0	0.46645	0.3349	
773.0	0.0	0.46571	0.3204	
774.0	0.0	0.46494	0.3193	
775.0	0.0	0.46455	0.3212	
776.0	0.0	0.46466	0.3193	
777.0	0.0	0.46539	0.3582	
778.0	0.0	0.46628	0.3391	
779.0	0.0	0.46677	0.3361	
780.0	0.0	0.46667	0.333	
781.0	0.0	0.46625	0.3365	
782.0	0.0	0.46542	0.3208	
783.0	0.0	0.46497	0.3201	
784.0	0.0	0.46484	0.3349	
785.0	0.0	0.46552	0.3353	
786.0	0.0	0.4664	0.3208	
787.0	0.0	0.46706	0.3395	
788.0	0.0	0.46715	0.3315	
789.0	0.0	0.4669	0.333	
790.0	0.0	0.46613	0.3193	
791.0	0.0	0.4653	0.3399	
792.0	0.0	0.46515	0.3311	
793.0	0.0	0.46555	0.3231	
794.0	0.0	0.46637	0.3212	
795.0	0.0	0.46729	0.3407	
796.0	0.0	0.46765	0.3334	
797.0	0.0	0.46742	0.3345	
798.0	0.0	0.46678	0.3204	
799.0	0.0	0.46602	0.3407	
800.0	0.0	0.46584	0.3315	
801.0	0.0	0.46596	0.3357	
802.0	0.0	0.46674	0.3201	
803.0	0.0	0.46771	0.3586	
804.0	0.0	0.4684	0.3345	
805.0	0.0	0.4684	0.3281	
806.0	0.0	0.46783	0.3262	
807.0	0.0	0.46701	0.3193	
808.0	0.0	0.46655	0.3216	
809.0	0.0	0.46657	0.3376	
810.0	0.0	0.46725	0.3288	
811.0	0.0	0.46826	0.3353	
812.0	0.0	0.46893	0.3208	
813.0	0.0	0.46915	0.3399	
814.0	0.0	0.46869	0.338	
815.0	0.0	0.4679	0.3304	
816.0	0.0	0.46722	0.3269	
817.0	0.0	0.46698	0.3269	
818.0	0.0	0.46759	0.3208	
819.0	0.0	0.46822	0.3464	
820.0	0.0	0.46918	0.3368	
821.0	0.0	0.46954	0.3284	
822.0	0.0	0.46919	0.3246	
823.0	0.0	0.46858	0.3197	
824.0	0.0	0.46762	0.3403	
825.0	0.0	0.46725	0.3345	
826.0	0.0	0.46759	0.3284	
827.0	0.0	0.46826	0.3315	
828.0	0.0	0.46906	0.3197	
829.0	0.0	0.46956	0.3387	
830.0	0.0	0.46957	0.3288	
831.0	0.0	0.46881	0.3262	
832.0	0.0	0.46783	0.3197	
833.0	0.0	0.46729	0.3384	
834.0	0.0	0.46741	0.3361	
835.0	0.0	0.46803	0.3204	
836.0	0.0	0.46869	0.3399	
837.0	0.0	0.46942	0.3307	
838.0	0.0	0.46954	0.3246	
839.0	0.0	0.46899	0.3208	
840.0	0.0	0.46796	0.3201	
841.0	0.0	0.46716	0.3407	
842.0	0.0	0.467	0.3304	
843.0	0.0	0.46747	0.3334	
844.0	0.0	0.4682	0.3201	
845.0	0.0	0.46887	0.3429	
846.0	0.0	0.46921	0.3326	
847.0	0.0	0.46877	0.3273	
848.0	0.0	0.46802	0.3231	
849.0	0.0	0.46716	0.3201	
850.0	0.0	0.46657	0.3395	
851.0	0.0	0.4668	0.3315	
852.0	0.0	0.4675	0.333	
853.0	0.0	0.46822	0.3197	
854.0	0.0	0.46866	0.3201	
855.0	0.0	0.46838	0.3372	
856.0	0.0	0.46762	0.3273	
857.0	0.0	0.46681	0.3231	
858.0	0.0	0.46626	0.322	
859.0	0.0	0.46603	0.3334	
860.0	0.0	0.46654	0.3239	
861.0	0.0	0.4673	0.3216	
862.0	0.0	0.46791	0.3338	
863.0	0.0	0.46796	0.3342	
864.0	0.0	0.46735	0.3193	
865.0	0.0	0.46638	0.3399	
866.0	0.0	0.46576	0.3338	
867.0	0.0	0.46545	0.3185	
868.0	0.0	0.46588	0.3407	
869.0	0.0	0.46657	0.3304	
870.0	0.0	0.46706	0.322	
871.0	0.0	0.46729	0.3536	
872.0	0.0	0.46703	0.3334	
873.0	0.0	0.46603	0.3281	
874.0	0.0	0.46527	0.3201	
875.0	0.0	0.46458	0.3407	
876.0	0.0	0.46484	0.3353	
877.0	0.0	0.46542	0.3311	
878.0	0.0	0.46625	0.3273	
879.0	0.0	0.46657	0.3273	
880.0	0.0	0.46638	0.3201	
881.0	0.0	0.46561	0.3208	
882.0	0.0	0.46475	0.3365	
883.0	0.0	0.46417	0.3258	
884.0	0.0	0.46413	0.3197	
885.0	0.0	0.46451	0.3517	
886.0	0.0	0.46533	0.3334	
887.0	0.0	0.46579	0.3334	
888.0	0.0	0.46588	0.3204	
889.0	0.0	0.46521	0.3338	
890.0	0.0	0.46425	0.3296	
891.0	0.0	0.46356	0.3197	
892.0	0.0	0.46332	0.3326	
893.0	0.0	0.46346	0.3212	
894.0	0.0	0.46426	0.3387	
895.0	0.0	0.46494	0.3296	
896.0	0.0	0.46516	0.3189	
897.0	0.0	0.46468	0.3365	
898.0	0.0	0.4639	0.3281	
899.0	0.0	0.46291	0.3193	
900.0	0.0	0.4624	0.3399	
901.0	0.0	0.46252	0.3319	
902.0	0.0	0.46309	0.3357	
903.0	0.0	0.46371	0.3208	
904.0	0.0	0.46411	0.341	
905.0	0.0	0.46393	0.3304	
906.0	0.0	0.4631	0.3223	
907.0	0.0	0.46223	0.3227	
908.0	0.0	0.46152	0.3368	
909.0	0.0	0.4614	0.3265	
910.0	0.0	0.46181	0.3242	
911.0	0.0	0.46254	0.3189	
912.0	0.0	0.4632	0.3391	
913.0	0.0	0.46332	0.3311	
914.0	0.0	0.46252	0.3258	
915.0	0.0	0.46155	0.3204	
916.0	0.0	0.46094	0.3372	
917.0	0.0	0.46057	0.3284	
918.0	0.0	0.46112	0.3242	
919.0	0.0	0.46175	0.3201	
920.0	0.0	0.46266	0.3361	
921.0	0.0	0.46289	0.3269	
922.0	0.0	0.46236	0.3193	
923.0	0.0	0.46181	0.3204	
924.0	0.0	0.46095	0.3357	
925.0	0.0	0.46063	0.3273	
926.0	0.0	0.46085	0.3201	
927.0	0.0	0.46164	0.3418	
928.0	0.0	0.46254	0.3326	
929.0	0.0	0.4632	0.3368	
930.0	0.0	0.46295	0.3216	
931.0	0.0	0.46249	0.3208	
932.0	0.0	0.46179	0.3391	
933.0	0.0	0.46129	0.3315	
934.0	0.0	0.46143	0.3353	
935.0	0.0	0.46211	0.3193	
936.0	0.0	0.4632	0.3212	
937.0	0.0	0.46387	0.3403	
938.0	0.0	0.46402	0.3345	
939.0	0.0	0.46359	0.3277	
940.0	0.0	0.46297	0.3227	
941.0	0.0	0.46234	0.3197	
942.0	0.0	0.46213	0.3395	
943.0	0.0	0.46266	0.3342	
944.0	0.0	0.46352	0.3277	
945.0	0.0	0.4646	0.3262	
946.0	0.0	0.46503	0.3223	
947.0	0.0	0.46448	0.3414	
948.0	0.0	0.46388	0.3319	
949.0	0.0	0.46326	0.3204	
950.0	0.0	0.46297	0.3212	
951.0	0.0	0.46321	0.3361	
952.0	0.0	0.46408	0.3345	
953.0	0.0	0.46497	0.3197	
954.0	0.0	0.46565	0.346	
955.0	0.0	0.46564	0.3387	
956.0	0.0	0.46503	0.3304	
957.0	0.0	0.46417	0.3342	
958.0	0.0	0.46356	0.3223	
959.0	0.0	0.46379	0.3216	
960.0	0.0	0.46436	0.3555	
961.0	0.0	0.46539	0.338	
962.0	0.0	0.46625	0.3288	
963.0	0.0	0.46643	0.3242	
964.0	0.0	0.46613	0.3212	
965.0	0.0	0.46535	0.3197	
966.0	0.0	0.46494	0.341	
967.0	0.0	0.4649	0.3368	
968.0	0.0	0.46552	0.33	
969.0	0.0	0.46649	0.3227	
970.0	0.0	0.46736	0.3223	
971.0	0.0	0.46803	0.3399	
972.0	0.0	0.4679	0.333	
973.0	0.0	0.46736	0.33	
974.0	0.0	0.46689	0.3353	
975.0	0.0	0.46686	0.3223	
976.0	0.0	0.46754	0.322	
977.0	0.0	0.46857	0.3277	
978.0	0.0	0.46974	0.3399	
979.0	0.0	0.47043	0.3319	
980.0	0.0	0.47076	0.3284	
981.0	0.0	0.47052	0.3223	
982.0	0.0	0.47006	0.3201	
983.0	0.0	0.46997	0.3227	
984.0	0.0	0.47043	0.341	
985.0	0.0	0.47162	0.3345	
986.0	0.0	0.47284	0.3281	
987.0	0.0	0.474	0.3281	
988.0	0.0	0.47455	0.3201	
989.0	0.0	0.47438	0.3525	
990.0	0.0	0.47406	0.3403	
991.0	0.0	0.47382	0.3307	
992.0	0.0	0.47412	0.3315	
993.0	0.0	0.47513	0.3212	
994.0	0.0	0.47639	0.3429	
995.0	0.0	0.47777	0.3311	
996.0	0.0	0.47827	0.3273	
997.0	0.0	0.47858	0.3204	
998.0	0.0	0.47839	0.3395	
999.0	0.0	0.47804	0.3311	
1000.0	0.0	0.47827	0.3399	
1001.0	0.0	0.4789	0.3242	
1002.0	0.0	0.48003	0.3208	
1003.0	0.0	0.48126	0.3395	
1004.0	0.0	0.48199	0.3296	
1005.0	0.0	0.48248	0.3227	
1006.0	0.0	0.48225	0.3448	
1007.0	0.0	0.48187	0.3334	
1008.0	0.0	0.48175	0.3376	
1009.0	0.0	0.48236	0.3212	
1010.0	0.0	0.48335	0.3208	
1011.0	0.0	0.48456	0.3403	
1012.0	0.0	0.4856	0.333	
1013.0	0.0	0.48616	0.3345	
1014.0	0.0	0.48613	0.3208	
1015.0	0.0	0.48573	0.3208	
1016.0	0.0	0.48553	0.3399	
1017.0	0.0	0.48584	0.3307	
1018.0	0.0	0.48676	0.3277	
1019.0	0.0	0.48785	0.3208	
1020.0	0.0	0.48907	0.3414	
1021.0	0.0	0.48972	0.3323	
1022.0	0.0	0.48978	0.3368	
1023.0	0.0	0.48944	0.3212	
1024.0	0.0	0.48901	0.3548	
1025.0	0.0	0.48903	0.3399	
1026.0	0.0	0.48972	0.3342	
1027.0	0.0	0.49078	0.3277	
1028.0	0.0	0.49188	0.3242	
1029.0	0.0	0.49287	0.3193	
1030.0	0.0	0.49313	0.341	
1031.0	0.0	0.49298	0.3368	
1032.0	0.0	0.49249	0.3368	
1033.0	0.0	0.49222	0.3212	
1034.0	0.0	0.49255	0.3197	
1035.0	0.0	0.49361	0.3387	
1036.0	0.0	0.49493	0.3311	
1037.0	0.0	0.49579	0.3239	
1038.0	0.0	0.49622	0.3201	
1039.0	0.0	0.49615	0.3403	
1040.0	0.0	0.49554	0.3304	
1041.0	0.0	0.49518	0.3365	
1042.0	0.0	0.49535	0.3208	
1043.0	0.0	0.49617	0.3197	
1044.0	0.0	0.49738	0.3399	
1045.0	0.0	0.49854	0.3304	
1046.0	0.0	0.49921	0.3269	
1047.0	0.0	0.49902	0.3204	
1048.0	0.0	0.4986	0.3536	
1049.0	0.0	0.49818	0.3357	
1050.0	0.0	0.49817	0.3357	
1051.0	0.0	0.49873	0.3193	
1052.0	0.0	0.49994	0.3399	
1053.0	0.0	0.50104	0.3361	
1054.0	0.0	0.50172	0.3281	
1055.0	0.0	0.5018	0.3319	
1056.0	0.0	0.50142	0.3204	
1057.0	0.0	0.50085	0.3479	
1058.0	0.0	0.50067	0.3361	
1059.0	0.0	0.50104	0.3288	
1060.0	0.0	0.50204	0.3204	
1061.0	0.0	0.50316	0.3353	
1062.0	0.0	0.50409	0.3361	
1063.0	0.0	0.50449	0.3197	
1064.0	0.0	0.50433	0.3391	
1065.0	0.0	0.5038	0.3315	
1066.0	0.0	0.5034	0.3307	
1067.0	0.0	0.50354	0.3189	
1068.0	0.0	0.50435	0.3403	
1069.0	0.0	0.50568	0.3345	
1070.0	0.0	0.50677	0.3349	
1071.0	0.0	0.50739	0.3239	
1072.0	0.0	0.50739	0.3544	
1073.0	0.0	0.5069	0.3338	
1074.0	0.0	0.50635	0.3319	
1075.0	0.0	0.50638	0.3201	
1076.0	0.0	0.50714	0.3403	
1077.0	0.0	0.50801	0.3311	
1078.0	0.0	0.50926	0.3307	
1079.0	0.0	0.51007	0.3197	
1080.0	0.0	0.51015	0.3338	
1081.0	0.0	0.5097	0.3372	
1082.0	0.0	0.50909	0.3201	
1083.0	0.0	0.50905	0.341	
1084.0	0.0	0.50934	0.3361	
1085.0	0.0	0.51007	0.3376	
1086.0	0.0	0.51123	0.3201	
1087.0	0.0	0.51202	0.3418	
1088.0	0.0	0.51231	0.3376	
1089.0	0.0	0.51215	0.3292	
1090.0	0.0	0.51154	0.3273	
1091.0	0.0	0.51111	0.3197	
1092.0	0.0	0.51114	0.3403	
1093.0	0.0	0.51193	0.33	
1094.0	0.0	0.51282	0.3216	
1095.0	0.0	0.51375	0.3532	
1096.0	0.0	0.51422	0.3384	
1097.0	0.0	0.5141	0.3361	
1098.0	0.0	0.51361	0.3208	
1099.0	0.0	0.51291	0.3395	
1100.0	0.0	0.51276	0.3368	
1101.0	0.0	0.51332	0.3197	
1102.0	0.0	0.51424	0.3387	
1103.0	0.0	0.51515	0.3376	
1104.0	0.0	0.51575	0.322	
1105.0	0.0	0.5159	0.3361	
1106.0	0.0	0.51534	0.3345	
1107.0	0.0	0.51483	0.3212	
1108.0	0.0	0.51434	0.3403	
1109.0	0.0	0.51465	0.3304	
1110.0	0.0	0.51541	0.3262	
1111.0	0.0	0.51648	0.3208	
1112.0	0.0	0.51715	0.3418	
1113.0	0.0	0.5174	0.3345	
1114.0	0.0	0.51692	0.3284	
1115.0	0.0	0.51643	0.3216	
1116.0	0.0	0.51587	0.3368	
1117.0	0.0	0.51593	0.3338	
1118.0	0.0	0.51651	0.3208	
1119.0	0.0	0.51741	0.3468	
1120.0	0.0	0.51833	0.3376	
1121.0	0.0	0.5188	0.3342	
1122.0	0.0	0.51863	0.3208	
1123.0	0.0	0.51799	0.3395	
1124.0	0.0	0.51741	0.3372	
1125.0	0.0	0.51727	0.3204	
1126.0	0.0	0.51767	0.3426	
1127.0	0.0	0.51849	0.3345	
1128.0	0.0	0.51947	0.3323	
1129.0	0.0	0.51999	0.3227	
1130.0	0.0	0.52013	0.3426	
1131.0	0.0	0.5195	0.3353	
1132.0	0.0	0.51903	0.3307	
1133.0	0.0	0.51855	0.3201	
1134.0	0.0	0.51874	0.3387	
1135.0	0.0	0.51944	0.3284	
1136.0	0.0	0.52057	0.322	
1137.0	0.0	0.52145	0.3414	
1138.0	0.0	0.52148	0.3357	
1139.0	0.0	0.52122	0.3365	
1140.0	0.0	0.52065	0.3212	
1141.0	0.0	0.5199	0.3403	
1142.0	0.0	0.51991	0.3288	
1143.0	0.0	0.52051	0.3208	
1144.0	0.0	0.52136	0.3429	
1145.0	0.0	0.52231	0.3315	
1146.0	0.0	0.52271	0.3315	
1147.0	0.0	0.52246	0.3216	
1148.0	0.0	0.52191	0.3391	
1149.0	0.0	0.52121	0.3345	
1150.0	0.0	0.521	0.322	
1151.0	0.0	0.5213	0.3216	
1152.0	0.0	0.52206	0.341	
1153.0	0.0	0.52284	0.3323	
1154.0	0.0	0.5235	0.3273	
1155.0	0.0	0.52345	0.322	
1156.0	0.0	0.52283	0.3422	
1157.0	0.0	0.52216	0.3315	
1158.0	0.0	0.52156	0.3353	
1159.0	0.0	0.52156	0.3223	
1160.0	0.0	0.52211	0.3201	
1161.0	0.0	0.52301	0.3441	
1162.0	0.0	0.52362	0.3403	
1163.0	0.0	0.5238	0.3315	
1164.0	0.0	0.52325	0.3319	
1165.0	0.0	0.52234	0.322	
1166.0	0.0	0.52185	0.3414	
1167.0	0.0	0.52155	0.3315	
1168.0	0.0	0.52203	0.3258	
1169.0	0.0	0.52286	0.3223	
1170.0	0.0	0.52351	0.3395	
1171.0	0.0	0.52386	0.3304	
1172.0	0.0	0.52333	0.3235	
1173.0	0.0	0.52252	0.3502	
1174.0	0.0	0.52173	0.3311	
1175.0	0.0	0.52132	0.3223	
1176.0	0.0	0.52156	0.3403	
1177.0	0.0	0.52216	0.33	
1178.0	0.0	0.52277	0.3208	
1179.0	0.0	0.52315	0.3407	
1180.0	0.0	0.52306	0.3391	
1181.0	0.0	0.52228	0.3208	
1182.0	0.0	0.52138	0.341	
1183.0	0.0	0.52075	0.3376	
1184.0	0.0	0.52087	0.3204	
1185.0	0.0	0.52136	0.3429	
1186.0	0.0	0.52216	0.3368	
1187.0	0.0	0.52264	0.3376	
1188.0	0.0	0.5226	0.3197	
1189.0	0.0	0.52206	0.3422	
1190.0	0.0	0.52124	0.3353	
1191.0	0.0	0.52045	0.3281	
1192.0	0.0	0.52023	0.3246	
1193.0	0.0	0.52061	0.3208	
1194.0	0.0	0.52142	0.3418	
1195.0	0.0	0.52216	0.3334	
1196.0	0.0	0.52228	0.3365	
1197.0	0.0	0.52179	0.3223	
1198.0	0.0	0.52109	0.3231	
1199.0	0.0	0.5201	0.3407	
1200.0	0.0	0.51984	0.3323	
1201.0	0.0	0.51996	0.3345	
1202.0	0.0	0.52069	0.3208	
1203.0	0.0	0.52139	0.3574	
1204.0	0.0	0.52176	0.3361	
1205.0	0.0	0.52144	0.3281	
1206.0	0.0	0.52075	0.3242	
1207.0	0.0	0.5199	0.322	
1208.0	0.0	0.51926	0.3403	
1209.0	0.0	0.51926	0.33	
1210.0	0.0	0.51984	0.3223	
1211.0	0.0	0.52063	0.3204	
1212.0	0.0	0.52126	0.3426	
1213.0	0.0	0.52118	0.3342	
1214.0	0.0	0.52057	0.3258	
1215.0	0.0	0.51967	0.322	
1216.0	0.0	0.51901	0.3357	
1217.0	0.0	0.51898	0.3323	
1218.0	0.0	0.51935	0.3197	
1219.0	0.0	0.51997	0.3494	
1220.0	0.0	0.52057	0.3407	
1221.0	0.0	0.52081	0.3334	
1222.0	0.0	0.52045	0.3311	
1223.0	0.0	0.51965	0.3204	
1224.0	0.0	0.51886	0.3418	
1225.0	0.0	0.5184	0.3387	
1226.0	0.0	0.51877	0.3368	
1227.0	0.0	0.51936	0.3208	
1228.0	0.0	0.52011	0.3567	
1229.0	0.0	0.5204	0.3345	
1230.0	0.0	0.52028	0.3231	
1231.0	0.0	0.51947	0.3231	
1232.0	0.0	0.51863	0.3414	
1233.0	0.0	0.51813	0.3361	
1234.0	0.0	0.51794	0.3376	
1235.0	0.0	0.51862	0.3235	
1236.0	0.0	0.5193	0.3223	
1237.0	0.0	0.5199	0.3407	
1238.0	0.0	0.5199	0.3334	
1239.0	0.0	0.51932	0.3292	
1240.0	0.0	0.51849	0.3212	
1241.0	0.0	0.51772	0.3525	
1242.0	0.0	0.51752	0.3384	
1243.0	0.0	0.51779	0.3296	
1244.0	0.0	0.51837	0.3258	
1245.0	0.0	0.5191	0.3197	
1246.0	0.0	0.51941	0.3437	
1247.0	0.0	0.51886	0.3338	
1248.0	0.0	0.51808	0.3365	
1249.0	0.0	0.51718	0.3212	
1250.0	0.0	0.51678	0.3414	
1251.0	0.0	0.51715	0.3307	
1252.0	0.0	0.51772	0.3242	
1253.0	0.0	0.51852	0.346	
1254.0	0.0	0.51886	0.3368	
1255.0	0.0	0.51857	0.3372	
1256.0	0.0	0.51802	0.3204	
1257.0	0.0	0.51714	0.3548	
1258.0	0.0	0.5166	0.3376	
1259.0	0.0	0.51662	0.3387	
1260.0	0.0	0.51715	0.3216	
1261.0	0.0	0.51788	0.3212	
1262.0	0.0	0.51837	0.3395	
1263.0	0.0	0.5183	0.3315	
1264.0	0.0	0.51765	0.3304	
1265.0	0.0	0.51682	0.3212	
1266.0	0.0	0.51617	0.322	
1267.0	0.0	0.51599	0.341	
1268.0	0.0	0.51636	0.3319	
1269.0	0.0	0.51691	0.3231	
1270.0	0.0	0.51753	0.3498	
1271.0	0.0	0.51782	0.3353	
1272.0	0.0	0.51733	0.333	
1273.0	0.0	0.51657	0.3201	
1274.0	0.0	0.51569	0.3551	
1275.0	0.0	0.51538	0.338	
1276.0	0.0	0.5154	0.3349	
1277.0	0.0	0.51611	0.3212	
1278.0	0.0	0.51669	0.3456	
1279.0	0.0	0.51717	0.3353	
1280.0	0.0	0.51691	0.3334	
1281.0	0.0	0.51616	0.3311	
1282.0	0.0	0.51532	0.3216	
1283.0	0.0	0.51477	0.3223	
1284.0	0.0	0.51466	0.341	
1285.0	0.0	0.5152	0.3342	
1286.0	0.0	0.51605	0.3361	
1287.0	0.0	0.51639	0.3319	
1288.0	0.0	0.51627	0.322	
1289.0	0.0	0.51569	0.3433	
1290.0	0.0	0.51479	0.333	
1291.0	0.0	0.51404	0.3353	
1292.0	0.0	0.51389	0.322	
1293.0	0.0	0.5144	0.3212	
1294.0	0.0	0.51514	0.3445	
1295.0	0.0	0.51581	0.3395	
1296.0	0.0	0.51614	0.3284	
1297.0	0.0	0.51567	0.33	
1298.0	0.0	0.51477	0.3208	
1299.0	0.0	0.51398	0.3204	
1300.0	0.0	0.51367	0.341	
1301.0	0.0	0.51398	0.3345	
1302.0	0.0	0.51476	0.3387	
1303.0	0.0	0.51556	0.3204	
1304.0	0.0	0.51614	0.3216	
1305.0	0.0	0.51584	0.3368	
1306.0	0.0	0.51508	0.3281	
1307.0	0.0	0.5141	0.3288	
1308.0	0.0	0.51367	0.3201	
1309.0	0.0	0.51378	0.3407	
1310.0	0.0	0.51434	0.3365	
1311.0	0.0	0.51514	0.3319	
1312.0	0.0	0.51564	0.338	
1313.0	0.0	0.51564	0.3246	
1314.0	0.0	0.51503	0.3197	
1315.0	0.0	0.51416	0.3498	
1316.0	0.0	0.51331	0.3429	
1317.0	0.0	0.51315	0.3391	
1318.0	0.0	0.51344	0.3319	
1319.0	0.0	0.51413	0.3292	
1320.0	0.0	0.51471	0.3307	
1321.0	0.0	0.51497	0.3216	
1322.0	0.0	0.51447	0.3429	
1323.0	0.0	0.5135	0.3407	
1324.0	0.0	0.5127	0.3403	
1325.0	0.0	0.51215	0.3311	
1326.0	0.0	0.51222	0.3307	
1327.0	0.0	0.51273	0.3212	
1328.0	0.0	0.51337	0.3201	
1329.0	0.0	0.51357	0.3422	
1330.0	0.0	0.51312	0.3391	
1331.0	0.0	0.51227	0.3372	
1332.0	0.0	0.51114	0.3342	
1333.0	0.0	0.51031	0.3304	
1334.0	0.0	0.51021	0.3349	
1335.0	0.0	0.51064	0.3231	
1336.0	0.0	0.51135	0.3204	
1337.0	0.0	0.51178	0.3223	
1338.0	0.0	0.51154	0.3403	
1339.0	0.0	0.51099	0.3319	
1340.0	0.0	0.51007	0.3357	
1341.0	0.0	0.50911	0.33	
1342.0	0.0	0.50887	0.3216	
1343.0	0.0	0.50922	0.3193	
1344.0	0.0	0.50984	0.3208	
1345.0	0.0	0.51038	0.3494	
1346.0	0.0	0.51039	0.3399	
1347.0	0.0	0.50986	0.3357	
1348.0	0.0	0.50879	0.3334	
1349.0	0.0	0.50769	0.33	
1350.0	0.0	0.50728	0.3281	
1351.0	0.0	0.50739	0.3338	
1352.0	0.0	0.508	0.3284	
1353.0	0.0	0.50858	0.3227	
1354.0	0.0	0.50897	0.3227	
1355.0	0.0	0.5085	0.3212	
1356.0	0.0	0.50766	0.3212	
1357.0	0.0	0.50671	0.3433	
1358.0	0.0	0.50604	0.3403	
1359.0	0.0	0.50607	0.3368	
1360.0	0.0	0.50645	0.3338	
1361.0	0.0	0.50708	0.3326	
1362.0	0.0	0.50746	0.3311	
1363.0	0.0	0.50726	0.3284	
1364.0	0.0	0.50645	0.3353	
1365.0	0.0	0.50543	0.3284	
1366.0	0.0	0.50439	0.325	
1367.0	0.0	0.50415	0.3212	
1368.0	0.0	0.50446	0.3197	
1369.0	0.0	0.50507	0.3212	
1370.0	0.0	0.50574	0.3605	
1371.0	0.0	0.50562	0.3437	
1372.0	0.0	0.50507	0.341	
1373.0	0.0	0.50409	0.3403	
1374.0	0.0	0.50319	0.3414	
1375.0	0.0	0.50275	0.3403	
1376.0	0.0	0.50293	0.3395	
1377.0	0.0	0.50354	0.3365	
1378.0	0.0	0.50433	0.3311	
1379.0	0.0	0.50455	0.3292	
1380.0	0.0	0.50418	0.3365	
1381.0	0.0	0.50323	0.3326	
1382.0	0.0	0.50233	0.322	
1383.0	0.0	0.50165	0.3201	
1384.0	0.0	0.5016	0.3212	
1385.0	0.0	0.50209	0.3201	
1386.0	0.0	0.50287	0.3208	
1387.0	0.0	0.5033	0.3212	
1388.0	0.0	0.50311	0.3521	
1389.0	0.0	0.50244	0.3433	
1390.0	0.0	0.50165	0.3395	
1391.0	0.0	0.50079	0.333	
1392.0	0.0	0.50043	0.3345	
1393.0	0.0	0.50089	0.3311	
1394.0	0.0	0.50146	0.3311	
1395.0	0.0	0.50206	0.3376	
1396.0	0.0	0.50221	0.3345	
1397.0	0.0	0.5016	0.3361	
1398.0	0.0	0.50067	0.3269	
1399.0	0.0	0.49969	0.3223	
1400.0	0.0	0.49939	0.3216	
1401.0	0.0	0.49957	0.3216	
1402.0	0.0	0.50011	0.3201	
1403.0	0.0	0.50075	0.3212	
1404.0	0.0	0.5011	0.3212	
1405.0	0.0	0.50079	0.3197	
1406.0	0.0	0.49988	0.3204	
1407.0	0.0	0.49899	0.3422	
1408.0	0.0	0.49823	0.3395	
1409.0	0.0	0.49846	0.3338	
1410.0	0.0	0.4989	0.3284	
1411.0	0.0	0.49951	0.3376	
1412.0	0.0	0.50012	0.333	
1413.0	0.0	0.49994	0.325	
1414.0	0.0	0.49927	0.3216	
1415.0	0.0	0.49828	0.3204	
1416.0	0.0	0.49756	0.3437	
1417.0	0.0	0.49738	0.3426	
1418.0	0.0	0.49786	0.3395	
1419.0	0.0	0.49866	0.3334	
1420.0	0.0	0.49916	0.3304	
1421.0	0.0	0.49936	0.3284	
1422.0	0.0	0.49896	0.3387	
1423.0	0.0	0.49789	0.3376	
1424.0	0.0	0.49721	0.3311	
1425.0	0.0	0.49677	0.3258	
1426.0	0.0	0.49709	0.3204	
1427.0	0.0	0.49768	0.3422	
1428.0	0.0	0.49847	0.338	
1429.0	0.0	0.4986	0.3372	
1430.0	0.0	0.49831	0.3323	
1431.0	0.0	0.49747	0.3387	
1432.0	0.0	0.49648	0.325	
1433.0	0.0	0.49585	0.3212	
1434.0	0.0	0.49609	0.341	
1435.0	0.0	0.49664	0.3376	
1436.0	0.0	0.4975	0.3307	
1437.0	0.0	0.49789	0.3262	
1438.0	0.0	0.49786	0.322	
1439.0	0.0	0.49695	0.3445	
1440.0	0.0	0.49599	0.3376	
1441.0	0.0	0.49521	0.3326	
1442.0	0.0	0.49512	0.3384	
1443.0	0.0	0.49561	0.3231	
1444.0	0.0	0.49641	0.3212	
1445.0	0.0	0.49704	0.3578	
1446.0	0.0	0.49719	0.3414	
1447.0	0.0	0.4966	0.3361	
1448.0	0.0	0.49568	0.3304	
1449.0	0.0	0.495	0.3319	
1450.0	0.0	0.4946	0.3231	
1451.0	0.0	0.49486	0.3223	
1452.0	0.0	0.49548	0.322	
1453.0	0.0	0.4962	0.3227	
1454.0	0.0	0.49658	0.3574	
1455.0	0.0	0.49609	0.3418	
1456.0	0.0	0.49522	0.3368	
1457.0	0.0	0.49428	0.3326	
1458.0	0.0	0.49367	0.3292	
1459.0	0.0	0.49362	0.3399	
1460.0	0.0	0.49411	0.3338	
1461.0	0.0	0.49477	0.3235	
1462.0	0.0	0.4953	0.3235	
1463.0	0.0	0.49507	0.3399	
1464.0	0.0	0.49435	0.3296	
1465.0	0.0	0.49339	0.3265	
1466.0	0.0	0.49275	0.3216	
1467.0	0.0	0.49261	0.3239	
1468.0	0.0	0.49301	0.3422	
1469.0	0.0	0.49359	0.3391	
1470.0	0.0	0.4942	0.3349	
1471.0	0.0	0.49408	0.3296	
1472.0	0.0	0.49353	0.3235	
1473.0	0.0	0.49271	0.3208	
1474.0	0.0	0.49176	0.3212	
1475.0	0.0	0.49161	0.3376	
1476.0	0.0	0.49158	0.3403	
1477.0	0.0	0.49225	0.3212	
1478.0	0.0	0.49301	0.3307	
1479.0	0.0	0.49329	0.3513	
1480.0	0.0	0.49295	0.3319	
1481.0	0.0	0.49194	0.3353	
1482.0	0.0	0.49115	0.3429	
1483.0	0.0	0.49066	0.3242	
1484.0	0.0	0.49063	0.3323	
1485.0	0.0	0.49129	0.3422	
1486.0	0.0	0.49213	0.3227	
1487.0	0.0	0.49257	0.3304	
1488.0	0.0	0.49239	0.354	
1489.0	0.0	0.49176	0.3254	
1490.0	0.0	0.49078	0.3345	
1491.0	0.0	0.49008	0.3239	
1492.0	0.0	0.49001	0.3288	
1493.0	0.0	0.49043	0.3368	
1494.0	0.0	0.49115	0.3201	
1495.0	0.0	0.49187	0.338	
1496.0	0.0	0.49214	0.341	
1497.0	0.0	0.49164	0.3204	
1498.0	0.0	0.49068	0.3361	
1499.0	0.0	0.48987	0.3368	
1500.0	0.0	0.4897	0.3216	
1501.0	0.0	0.48987	0.3246	
1502.0	0.0	0.49054	0.3292	
1503.0	0.0	0.49127	0.3395	
1504.0	0.0	0.49158	0.322	
1505.0	0.0	0.49127	0.3246	
1506.0	0.0	0.49042	0.3475	
1507.0	0.0	0.48956	0.3391	
1508.0	0.0	0.48897	0.338	
1509.0	0.0	0.48895	0.3212	
1510.0	0.0	0.48941	0.322	
1511.0	0.0	0.49011	0.3231	
1512.0	0.0	0.49055	0.3414	
1513.0	0.0	0.49033	0.3395	
1514.0	0.0	0.48969	0.3365	
1515.0	0.0	0.48871	0.3292	
1516.0	0.0	0.48781	0.3231	
1517.0	0.0	0.4877	0.3227	
1518.0	0.0	0.48798	0.341	
1519.0	0.0	0.48859	0.333	
1520.0	0.0	0.48926	0.3345	
1521.0	0.0	0.48932	0.3239	
1522.0	0.0	0.48877	0.3212	
1523.0	0.0	0.48787	0.322	
1524.0	0.0	0.487	0.3433	
1525.0	0.0	0.48651	0.3403	
1526.0	0.0	0.48676	0.3349	
1527.0	0.0	0.4874	0.3288	
1528.0	0.0	0.48798	0.33	
1529.0	0.0	0.48811	0.3204	
1530.0	0.0	0.48775	0.3216	
1531.0	0.0	0.48708	0.3422	
1532.0	0.0	0.4861	0.3365	
1533.0	0.0	0.48547	0.3281	
1534.0	0.0	0.48567	0.3284	
1535.0	0.0	0.48615	0.3204	
1536.0	0.0	0.48688	0.3208	
1537.0	0.0	0.48737	0.3418	
1538.0	0.0	0.48712	0.3353	
1539.0	0.0	0.48663	0.3292	
1540.0	0.0	0.48563	0.3269	
1541.0	0.0	0.48499	0.3212	
1542.0	0.0	0.48492	0.3407	
1543.0	0.0	0.48531	0.3334	
1544.0	0.0	0.48592	0.333	
1545.0	0.0	0.48677	0.3281	
1546.0	0.0	0.48688	0.3212	
1547.0	0.0	0.48633	0.3445	
1548.0	0.0	0.48541	0.3391	
1549.0	0.0	0.48456	0.3361	
1550.0	0.0	0.48398	0.3258	
1551.0	0.0	0.48421	0.3216	
1552.0	0.0	0.48494	0.322	
1553.0	0.0	0.48572	0.341	
1554.0	0.0	0.48602	0.3342	
1555.0	0.0	0.48558	0.338	
1556.0	0.0	0.48457	0.3201	
1557.0	0.0	0.48378	0.3212	
1558.0	0.0	0.48306	0.3403	
1559.0	0.0	0.48306	0.3319	
1560.0	0.0	0.48352	0.3334	
1561.0	0.0	0.48431	0.3208	
1562.0	0.0	0.48473	0.3605	
1563.0	0.0	0.4845	0.3403	
1564.0	0.0	0.48364	0.3338	
1565.0	0.0	0.48277	0.3387	
1566.0	0.0	0.48187	0.3208	
1567.0	0.0	0.48157	0.341	
1568.0	0.0	0.48196	0.3307	
1569.0	0.0	0.48267	0.3246	
1570.0	0.0	0.48322	0.3208	
1571.0	0.0	0.48302	0.338	
1572.0	0.0	0.48241	0.3292	
1573.0	0.0	0.48145	0.3273	
1574.0	0.0	0.48056	0.3208	
1575.0	0.0	0.48015	0.341	
1576.0	0.0	0.48033	0.3334	
1577.0	0.0	0.48096	0.3254	
1578.0	0.0	0.48155	0.322	
1579.0	0.0	0.48175	0.3227	
1580.0	0.0	0.48141	0.3384	
1581.0	0.0	0.48047	0.3372	
1582.0	0.0	0.47948	0.3208	
1583.0	0.0	0.47897	0.3597	
1584.0	0.0	0.47906	0.3387	
1585.0	0.0	0.47949	0.3311	
1586.0	0.0	0.48026	0.3288	
1587.0	0.0	0.48068	0.3197	
1588.0	0.0	0.48053	0.341	
1589.0	0.0	0.47983	0.3315	
1590.0	0.0	0.47899	0.3319	
1591.0	0.0	0.47827	0.3231	
1592.0	0.0	0.47815	0.3212	
1593.0	0.0	0.47845	0.3414	
1594.0	0.0	0.47926	0.3334	
1595.0	0.0	0.47983	0.333	
1596.0	0.0	0.47995	0.3201	
1597.0	0.0	0.47931	0.3418	
1598.0	0.0	0.47841	0.3368	
1599.0	0.0	0.47748	0.3376	
1600.0	0.0	0.47699	0.322	
1601.0	0.0	0.47736	0.3445	
1602.0	0.0	0.4781	0.3319	
1603.0	0.0	0.47873	0.3212	
1604.0	0.0	0.47897	0.3414	
1605.0	0.0	0.47858	0.33	
1606.0	0.0	0.47772	0.3212	
1607.0	0.0	0.47693	0.341	
1608.0	0.0	0.47614	0.3292	
1609.0	0.0	0.47632	0.3239	
1610.0	0.0	0.47682	0.3208	
1611.0	0.0	0.47749	0.341	
1612.0	0.0	0.47794	0.3357	
1613.0	0.0	0.47766	0.3307	
1614.0	0.0	0.47699	0.3212	
1615.0	0.0	0.47591	0.3403	
1616.0	0.0	0.4751	0.3315	
1617.0	0.0	0.47498	0.3323	
1618.0	0.0	0.47536	0.3201	
1619.0	0.0	0.47601	0.3441	
1620.0	0.0	0.47652	0.3372	
1621.0	0.0	0.4765	0.3281	
1622.0	0.0	0.47595	0.325	
1623.0	0.0	0.4751	0.3212	
1624.0	0.0	0.47414	0.3407	
1625.0	0.0	0.47395	0.333	
1626.0	0.0	0.47418	0.3315	
1627.0	0.0	0.47481	0.3208	
1628.0	0.0	0.47534	0.3395	
1629.0	0.0	0.47568	0.33	
1630.0	0.0	0.47531	0.3315	
1631.0	0.0	0.47449	0.3254	
1632.0	0.0	0.47365	0.3212	
1633.0	0.0	0.47305	0.359	
1634.0	0.0	0.47296	0.3399	
1635.0	0.0	0.47357	0.3349	
1636.0	0.0	0.4743	0.3376	
1637.0	0.0	0.47485	0.3273	
1638.0	0.0	0.47467	0.3208	
1639.0	0.0	0.47395	0.3429	
1640.0	0.0	0.47301	0.3368	
1641.0	0.0	0.47231	0.3288	
1642.0	0.0	0.47217	0.3288	
1643.0	0.0	0.47284	0.3204	
1644.0	0.0	0.47357	0.3429	
1645.0	0.0	0.47406	0.3368	
1646.0	0.0	0.47406	0.3292	
1647.0	0.0	0.47377	0.3277	
1648.0	0.0	0.47279	0.3197	
1649.0	0.0	0.47205	0.3208	
1650.0	0.0	0.4718	0.3391	
1651.0	0.0	0.47232	0.3307	
1652.0	0.0	0.47302	0.3296	
1653.0	0.0	0.47363	0.3201	
1654.0	0.0	0.474	0.3399	
1655.0	0.0	0.47371	0.3353	
1656.0	0.0	0.47302	0.3376	
1657.0	0.0	0.47232	0.325	
1658.0	0.0	0.47171	0.3201	
1659.0	0.0	0.47183	0.3563	
1660.0	0.0	0.47247	0.3384	
1661.0	0.0	0.47321	0.3345	
1662.0	0.0	0.47375	0.3212	
1663.0	0.0	0.47375	0.3418	
1664.0	0.0	0.47311	0.3376	
1665.0	0.0	0.47223	0.3307	
1666.0	0.0	0.47159	0.3292	
1667.0	0.0	0.47162	0.3304	
1668.0	0.0	0.472	0.3216	
1669.0	0.0	0.47278	0.3212	
1670.0	0.0	0.47336	0.341	
1671.0	0.0	0.47342	0.3414	
1672.0	0.0	0.4731	0.338	
1673.0	0.0	0.47229	0.3326	
1674.0	0.0	0.47165	0.3296	
1675.0	0.0	0.47139	0.3353	
1676.0	0.0	0.47186	0.33	
1677.0	0.0	0.47273	0.3246	
1678.0	0.0	0.47345	0.3231	
1679.0	0.0	0.47388	0.322	
1680.0	0.0	0.47359	0.3197	
1681.0	0.0	0.4729	0.3201	
1682.0	0.0	0.47205	0.351	
1683.0	0.0	0.47162	0.3414	
1684.0	0.0	0.47168	0.341	
1685.0	0.0	0.47253	0.3403	
1686.0	0.0	0.47334	0.333	
1687.0	0.0	0.47388	0.3326	
1688.0	0.0	0.47372	0.3223	
1689.0	0.0	0.47314	0.3193	
1690.0	0.0	0.47231	0.3422	
1691.0	0.0	0.47176	0.3387	
1692.0	0.0	0.47189	0.333	
1693.0	0.0	0.47249	0.3288	
1694.0	0.0	0.47333	0.3338	
1695.0	0.0	0.474	0.3208	
1696.0	0.0	0.47406	0.3212	
1697.0	0.0	0.47357	0.3403	
1698.0	0.0	0.47266	0.3349	
1699.0	0.0	0.472	0.3277	
1700.0	0.0	0.47185	0.3258	
1701.0	0.0	0.47237	0.3201	
1702.0	0.0	0.47321	0.3414	
1703.0	0.0	0.47415	0.3361	
1704.0	0.0	0.4743	0.3315	
1705.0	0.0	0.47406	0.3281	
1706.0	0.0	0.47333	0.3262	
1707.0	0.0	0.47261	0.3201	
1708.0	0.0	0.47241	0.3212	
1709.0	0.0	0.47249	0.3532	
1710.0	0.0	0.47336	0.3387	
1711.0	0.0	0.47438	0.3311	
1712.0	0.0	0.47479	0.3311	
1713.0	0.0	0.4747	0.3284	
1714.0	0.0	0.47426	0.3319	
1715.0	0.0	0.47325	0.322	
1716.0	0.0	0.47275	0.3586	
1717.0	0.0	0.4729	0.3391	
1718.0	0.0	0.47342	0.3319	
1719.0	0.0	0.4743	0.3284	
1720.0	0.0	0.47507	0.3197	
1721.0	0.0	0.47522	0.3426	
1722.0	0.0	0.47461	0.338	
1723.0	0.0	0.47394	0.3288	
1724.0	0.0	0.47339	0.3311	
1725.0	0.0	0.47321	0.3216	
1726.0	0.0	0.47366	0.3212	
1727.0	0.0	0.47443	0.3429	
1728.0	0.0	0.47522	0.3414	
1729.0	0.0	0.47565	0.341	
1730.0	0.0	0.47534	0.3441	
1731.0	0.0	0.47462	0.3418	
1732.0	0.0	0.47406	0.338	
1733.0	0.0	0.47371	0.3365	
1734.0	0.0	0.47394	0.3368	
1735.0	0.0	0.47467	0.3372	
1736.0	0.0	0.47548	0.3376	
1737.0	0.0	0.47609	0.3338	
1738.0	0.0	0.47614	0.3315	
1739.0	0.0	0.4754	0.3372	
1740.0	0.0	0.47487	0.3372	
1741.0	0.0	0.47433	0.3353	
1742.0	0.0	0.47444	0.3345	
1743.0	0.0	0.47511	0.3323	
1744.0	0.0	0.47604	0.3315	
1745.0	0.0	0.47675	0.3307	
1746.0	0.0	0.47699	0.3357	
1747.0	0.0	0.4765	0.3353	
1748.0	0.0	0.47578	0.3307	
1749.0	0.0	0.4751	0.338	
1750.0	0.0	0.47485	0.3288	
1751.0	0.0	0.47534	0.3208	
1752.0	0.0	0.47603	0.3212	
1753.0	0.0	0.47688	0.3506	
1754.0	0.0	0.47723	0.3399	
1755.0	0.0	0.4769	0.3407	
1756.0	0.0	0.47614	0.3345	
1757.0	0.0	0.47542	0.3311	
1758.0	0.0	0.4751	0.3284	
1759.0	0.0	0.47525	0.3345	
1760.0	0.0	0.47595	0.3319	
1761.0	0.0	0.47665	0.3246	
1762.0	0.0	0.47711	0.3197	
1763.0	0.0	0.47719	0.3201	
1764.0	0.0	0.47652	0.3414	
1765.0	0.0	0.47571	0.3399	
1766.0	0.0	0.47504	0.3361	
1767.0	0.0	0.47507	0.3315	
1768.0	0.0	0.47565	0.3281	
1769.0	0.0	0.47653	0.3338	
1770.0	0.0	0.47702	0.3265	
1771.0	0.0	0.47723	0.3216	
1772.0	0.0	0.47653	0.3197	
1773.0	0.0	0.47571	0.3193	
1774.0	0.0	0.47517	0.3204	
1775.0	0.0	0.47491	0.3387	
1776.0	0.0	0.4753	0.333	
1777.0	0.0	0.47624	0.3284	
1778.0	0.0	0.47705	0.3342	
1779.0	0.0	0.47754	0.3292	
1780.0	0.0	0.47719	0.322	
1781.0	0.0	0.47678	0.3212	
1782.0	0.0	0.47606	0.3216	
1783.0	0.0	0.47566	0.3212	
1784.0	0.0	0.47604	0.3208	
1785.0	0.0	0.47678	0.3201	
1786.0	0.0	0.47768	0.3208	
1787.0	0.0	0.47841	0.3345	
1788.0	0.0	0.47833	0.3391	
1789.0	0.0	0.4778	0.3201	
1790.0	0.0	0.47711	0.333	
1791.0	0.0	0.47662	0.3212	
1792.0	0.0	0.47682	0.3315	
1793.0	0.0	0.47754	0.338	
1794.0	0.0	0.47835	0.3197	
1795.0	0.0	0.47922	0.3315	
1796.0	0.0	0.47926	0.3201	
1797.0	0.0	0.47894	0.3292	
1798.0	0.0	0.47815	0.3426	
1799.0	0.0	0.47754	0.325	
1800.0	0.0	0.47748	0.3361	
1801.0	0.0	0.47784	0.3201	
1802.0	0.0	0.47871	0.3288	
1803.0	0.0	0.47963	0.3414	
1804.0	0.0	0.48006	0.33	
1805.0	0.0	0.47981	0.3395	
1806.0	0.0	0.47932	0.3208	
1807.0	0.0	0.47859	0.3342	
1808.0	0.0	0.47826	0.3593	
1809.0	0.0	0.47858	0.3235	
1810.0	0.0	0.4794	0.3315	
1811.0	0.0	0.48026	0.3586	
1812.0	0.0	0.4809	0.3242	
1813.0	0.0	0.48079	0.3326	
1814.0	0.0	0.48029	0.3487	
1815.0	0.0	0.47957	0.3265	
1816.0	0.0	0.4791	0.3349	
1817.0	0.0	0.4792	0.3204	
1818.0	0.0	0.47987	0.3288	
1819.0	0.0	0.48073	0.3338	
1820.0	0.0	0.48152	0.322	
1821.0	0.0	0.48192	0.3315	
1822.0	0.0	0.48143	0.3403	
1823.0	0.0	0.48085	0.3273	
1824.0	0.0	0.48022	0.3407	
1825.0	0.0	0.4803	0.3204	
1826.0	0.0	0.48082	0.3319	
1827.0	0.0	0.48169	0.3201	
1828.0	0.0	0.48273	0.3265	
1829.0	0.0	0.48322	0.3395	
1830.0	0.0	0.48331	0.3208	
1831.0	0.0	0.48267	0.3334	
1832.0	0.0	0.48212	0.3201	
1833.0	0.0	0.48209	0.3311	
1834.0	0.0	0.48254	0.3212	
1835.0	0.0	0.48341	0.33	
1836.0	0.0	0.48456	0.3407	
1837.0	0.0	0.48547	0.3227	
1838.0	0.0	0.48567	0.3391	
1839.0	0.0	0.48543	0.3265	
1840.0	0.0	0.48482	0.3384	
1841.0	0.0	0.4845	0.3212	
1842.0	0.0	0.48492	0.3323	
1843.0	0.0	0.48567	0.3204	
1844.0	0.0	0.48691	0.3349	
1845.0	0.0	0.48785	0.3403	
1846.0	0.0	0.48842	0.3296	
1847.0	0.0	0.48837	0.3372	
1848.0	0.0	0.48793	0.3204	
1849.0	0.0	0.48764	0.3345	
1850.0	0.0	0.48781	0.3208	
1851.0	0.0	0.48865	0.3338	
1852.0	0.0	0.48969	0.3197	
1853.0	0.0	0.49088	0.3277	
1854.0	0.0	0.49152	0.3193	
1855.0	0.0	0.4917	0.3269	
1856.0	0.0	0.49139	0.3586	
1857.0	0.0	0.49094	0.3319	
1858.0	0.0	0.49103	0.3208	
1859.0	0.0	0.49153	0.3372	
1860.0	0.0	0.49261	0.3407	
1861.0	0.0	0.49384	0.325	
1862.0	0.0	0.49466	0.3395	
1863.0	0.0	0.49501	0.3296	
1864.0	0.0	0.49487	0.3399	
1865.0	0.0	0.49451	0.3307	
1866.0	0.0	0.49426	0.3391	
1867.0	0.0	0.49464	0.3319	
1868.0	0.0	0.49554	0.341	
1869.0	0.0	0.49664	0.3315	
1870.0	0.0	0.49779	0.3391	
1871.0	0.0	0.49823	0.3235	
1872.0	0.0	0.49825	0.3395	
1873.0	0.0	0.4977	0.3246	
1874.0	0.0	0.49745	0.3376	
1875.0	0.0	0.49744	0.3197	
1876.0	0.0	0.49828	0.3269	
1877.0	0.0	0.4991	0.3433	
1878.0	0.0	0.50037	0.3353	
1879.0	0.0	0.50116	0.3433	
1880.0	0.0	0.50121	0.3368	
1881.0	0.0	0.50087	0.3407	
1882.0	0.0	0.50055	0.3323	
1883.0	0.0	0.50043	0.3384	
1884.0	0.0	0.50095	0.3185	
1885.0	0.0	0.50192	0.3315	
1886.0	0.0	0.50305	0.3189	
1887.0	0.0	0.50398	0.3311	
1888.0	0.0	0.50421	0.3193	
1889.0	0.0	0.50397	0.3304	
1890.0	0.0	0.5038	0.3193	
1891.0	0.0	0.50336	0.3338	
1892.0	0.0	0.50372	0.3395	
1893.0	0.0	0.50439	0.3246	
1894.0	0.0	0.50562	0.3376	
1895.0	0.0	0.50648	0.3197	
1896.0	0.0	0.5071	0.3319	
1897.0	0.0	0.5069	0.3208	
1898.0	0.0	0.50641	0.3281	
1899.0	0.0	0.50598	0.359	
1900.0	0.0	0.50592	0.3307	
1901.0	0.0	0.50665	0.338	
1902.0	0.0	0.50752	0.3201	
1903.0	0.0	0.50861	0.3349	
1904.0	0.0	0.50917	0.3197	
1905.0	0.0	0.50914	0.3326	
1906.0	0.0	0.50871	0.3395	
1907.0	0.0	0.50807	0.3204	
1908.0	0.0	0.50769	0.3345	
1909.0	0.0	0.50804	0.3185	
1910.0	0.0	0.50879	0.3269	
1911.0	0.0	0.50975	0.3448	
1912.0	0.0	0.51051	0.3349	
1913.0	0.0	0.51077	0.338	
1914.0	0.0	0.51039	0.325	
1915.0	0.0	0.50978	0.3376	
1916.0	0.0	0.50934	0.3235	
1917.0	0.0	0.50934	0.338	
1918.0	0.0	0.51007	0.3223	
1919.0	0.0	0.51093	0.3376	
1920.0	0.0	0.51178	0.3208	
1921.0	0.0	0.51221	0.3384	
1922.0	0.0	0.51196	0.3284	
1923.0	0.0	0.51138	0.341	
1924.0	0.0	0.51068	0.3357	
1925.0	0.0	0.51048	0.3201	
1926.0	0.0	0.51093	0.3315	
1927.0	0.0	0.51184	0.3201	
1928.0	0.0	0.51288	0.3345	
1929.0	0.0	0.51324	0.3197	
1930.0	0.0	0.51326	0.3384	
1931.0	0.0	0.51263	0.3273	
1932.0	0.0	0.51192	0.338	
1933.0	0.0	0.51144	0.3212	
1934.0	0.0	0.51172	0.3395	
1935.0	0.0	0.5123	0.3212	
1936.0	0.0	0.5135	0.3399	
1937.0	0.0	0.51411	0.3311	
1938.0	0.0	0.51422	0.3487	
1939.0	0.0	0.5137	0.3368	
1940.0	0.0	0.51283	0.322	
1941.0	0.0	0.51239	0.3292	
1942.0	0.0	0.51239	0.3181	
1943.0	0.0	0.51276	0.3357	
1944.0	0.0	0.51361	0.3201	
1945.0	0.0	0.51459	0.3387	
1946.0	0.0	0.51479	0.3281	
1947.0	0.0	0.51436	0.3399	
1948.0	0.0	0.51361	0.3281	
1949.0	0.0	0.51297	0.3395	
1950.0	0.0	0.51257	0.3223	
1951.0	0.0	0.51297	0.3372	
1952.0	0.0	0.51381	0.3208	
1953.0	0.0	0.51471	0.3349	
1954.0	0.0	0.51514	0.3197	
1955.0	0.0	0.51483	0.3342	
1956.0	0.0	0.51411	0.3212	
1957.0	0.0	0.51349	0.3338	
1958.0	0.0	0.51288	0.3189	
1959.0	0.0	0.5132	0.3353	
1960.0	0.0	0.51387	0.3204	
1961.0	0.0	0.51466	0.3349	
1962.0	0.0	0.51511	0.3197	
1963.0	0.0	0.51523	0.3357	
1964.0	0.0	0.51471	0.3197	
1965.0	0.0	0.51393	0.3342	
1966.0	0.0	0.51328	0.3197	
1967.0	0.0	0.51324	0.3342	
1968.0	0.0	0.51367	0.322	
1969.0	0.0	0.51477	0.338	
1970.0	0.0	0.51534	0.3223	
1971.0	0.0	0.51564	0.3399	
1972.0	0.0	0.51529	0.3338	
1973.0	0.0	0.51451	0.3441	
1974.0	0.0	0.51393	0.3376	
1975.0	0.0	0.51361	0.3216	
1976.0	0.0	0.51398	0.3353	
1977.0	0.0	0.5148	0.3414	
1978.0	0.0	0.51559	0.3204	
1979.0	0.0	0.51605	0.33	
1980.0	0.0	0.51593	0.3468	
1981.0	0.0	0.5152	0.3281	
1982.0	0.0	0.51447	0.3365	
1983.0	0.0	0.51416	0.3231	
1984.0	0.0	0.51422	0.3288	
1985.0	0.0	0.51477	0.3361	
1986.0	0.0	0.51559	0.3212	
1987.0	0.0	0.51636	0.3372	
1988.0	0.0	0.51631	0.3414	
1989.0	0.0	0.51593	0.3265	
1990.0	0.0	0.51511	0.338	
1991.0	0.0	0.51459	0.3208	
1992.0	0.0	0.51447	0.338	
1993.0	0.0	0.51508	0.3422	
1994.0	0.0	0.51599	0.3292	
1995.0	0.0	0.51674	0.3407	
1996.0	0.0	0.51712	0.3212	
1997.0	0.0	0.51683	0.338	
1998.0	0.0	0.51611	0.3227	
1999.0	0.0	0.51544	0.3372	
2000.0	0.0	0.51515	0.322	
2001.0	0.0	0.51561	0.3403	
2002.0	0.0	0.51643	0.3235	
2003.0	0.0	0.51727	0.341	
2004.0	0.0	0.51768	0.3315	
2005.0	0.0	0.51764	0.3403	
2006.0	0.0	0.51691	0.3334	
2007.0	0.0	0.5163	0.3399	
2008.0	0.0	0.51602	0.322	
2009.0	0.0	0.51613	0.3345	
2010.0	0.0	0.51691	0.3208	
2011.0	0.0	0.51767	0.3284	
2012.0	0.0	0.51831	0.322	
2013.0	0.0	0.51849	0.3281	
2014.0	0.0	0.51808	0.3216	
2015.0	0.0	0.51711	0.3281	
2016.0	0.0	0.5166	0.362	
2017.0	0.0	0.51654	0.3326	
2018.0	0.0	0.51715	0.3372	
2019.0	0.0	0.51801	0.3201	
2020.0	0.0	0.51889	0.3361	
2021.0	0.0	0.5191	0.3407	
2022.0	0.0	0.51886	0.3216	
2023.0	0.0	0.51808	0.3307	
2024.0	0.0	0.51729	0.3201	
2025.0	0.0	0.51715	0.3281	
2026.0	0.0	0.51741	0.3426	
2027.0	0.0	0.51807	0.3246	
2028.0	0.0	0.5191	0.3349	
2029.0	0.0	0.51959	0.3204	
2030.0	0.0	0.51949	0.3284	
2031.0	0.0	0.51874	0.3426	
2032.0	0.0	0.51791	0.3223	
2033.0	0.0	0.5174	0.333	
2034.0	0.0	0.51767	0.322	
2035.0	0.0	0.51814	0.338	
2036.0	0.0	0.51901	0.3399	
2037.0	0.0	0.51976	0.3235	
2038.0	0.0	0.51978	0.3395	
2039.0	0.0	0.51945	0.3242	
2040.0	0.0	0.51852	0.3403	
2041.0	0.0	0.51788	0.3208	
2042.0	0.0	0.51776	0.3399	
2043.0	0.0	0.51819	0.3235	
2044.0	0.0	0.51901	0.3353	
2045.0	0.0	0.51985	0.3204	
2046.0	0.0	0.5202	0.3315	
2047.0	0.0	0.51984	0.3208	
2048.0	0.0	0.51892	0.3384	
2049.0	0.0	0.51826	0.3212	
2050.0	0.0	0.51764	0.3353	
2051.0	0.0	0.51807	0.3201	
2052.0	0.0	0.51874	0.333	
2053.0	0.0	0.51936	0.3208	
2054.0	0.0	0.52002	0.3296	
2055.0	0.0	0.51965	0.3506	
2056.0	0.0	0.5191	0.3315	
2057.0	0.0	0.5181	0.3407	
2058.0	0.0	0.51752	0.325	
2059.0	0.0	0.5173	0.3376	
2060.0	0.0	0.51788	0.3208	
2061.0	0.0	0.51862	0.3353	
2062.0	0.0	0.51926	0.3204	
2063.0	0.0	0.51915	0.3292	
2064.0	0.0	0.51852	0.3593	
2065.0	0.0	0.51741	0.3288	
2066.0	0.0	0.51666	0.3384	
2067.0	0.0	0.51657	0.3197	
2068.0	0.0	0.51697	0.3361	
2069.0	0.0	0.51761	0.3204	
2070.0	0.0	0.51826	0.3315	
2071.0	0.0	0.51851	0.3201	
2072.0	0.0	0.51805	0.3288	
2073.0	0.0	0.51729	0.3201	
2074.0	0.0	0.5163	0.3292	
2075.0	0.0	0.51584	0.3475	
2076.0	0.0	0.51605	0.3319	
2077.0	0.0	0.51666	0.3391	
2078.0	0.0	0.51735	0.3269	
2079.0	0.0	0.51788	0.3399	
2080.0	0.0	0.51764	0.325	
2081.0	0.0	0.51685	0.3353	
2082.0	0.0	0.51587	0.3193	
2083.0	0.0	0.5154	0.3361	
2084.0	0.0	0.51532	0.3391	
2085.0	0.0	0.51599	0.3201	
2086.0	0.0	0.51678	0.3307	
2087.0	0.0	0.5174	0.3185	
2088.0	0.0	0.5174	0.3273	
2089.0	0.0	0.5168	0.351	
2090.0	0.0	0.51593	0.3349	
2091.0	0.0	0.5152	0.3403	
2092.0	0.0	0.51514	0.3254	
2093.0	0.0	0.51552	0.3387	
2094.0	0.0	0.51642	0.3277	
2095.0	0.0	0.51715	0.3395	
2096.0	0.0	0.51741	0.3368	
2097.0	0.0	0.51688	0.3201	
2098.0	0.0	0.51611	0.333	
2099.0	0.0	0.51532	0.3387	
2100.0	0.0	0.51501	0.3242	
2101.0	0.0	0.51532	0.3345	
2102.0	0.0	0.51607	0.3189	
2103.0	0.0	0.51688	0.3311	
2104.0	0.0	0.51735	0.3181	
2105.0	0.0	0.51717	0.3292	
2106.0	0.0	0.5166	0.3193	
2107.0	0.0	0.51569	0.3326	
2108.0	0.0	0.51521	0.3399	
2109.0	0.0	0.51521	0.3262	
2110.0	0.0	0.51576	0.3391	
2111.0	0.0	0.5166	0.3292	
2112.0	0.0	0.51715	0.3395	
2113.0	0.0	0.51727	0.3277	
2114.0	0.0	0.51668	0.3391	
2115.0	0.0	0.51584	0.3231	
2116.0	0.0	0.5152	0.338	
2117.0	0.0	0.51498	0.3323	
2118.0	0.0	0.51538	0.3384	
2119.0	0.0	0.51617	0.3197	
2120.0	0.0	0.51691	0.3284	
2121.0	0.0	0.51721	0.3395	
2122.0	0.0	0.51654	0.3193	
2123.0	0.0	0.51575	0.3288	
2124.0	0.0	0.51501	0.3407	
2125.0	0.0	0.5145	0.3208	
2126.0	0.0	0.51477	0.3304	
2127.0	0.0	0.51529	0.3452	
2128.0	0.0	0.51614	0.3269	
2129.0	0.0	0.51651	0.3361	
2130.0	0.0	0.51624	0.3567	
2131.0	0.0	0.51569	0.3357	
2132.0	0.0	0.51465	0.3281	
2133.0	0.0	0.51404	0.3269	
2134.0	0.0	0.51398	0.3353	
2135.0	0.0	0.51447	0.333	
2136.0	0.0	0.51515	0.3311	
2137.0	0.0	0.51584	0.3319	
2138.0	0.0	0.51572	0.33	
2139.0	0.0	0.51532	0.3288	
2140.0	0.0	0.51427	0.3223	
2141.0	0.0	0.51364	0.3189	
2142.0	0.0	0.51324	0.3559	
2143.0	0.0	0.51369	0.3399	
2144.0	0.0	0.51431	0.3376	
2145.0	0.0	0.51503	0.3349	
2146.0	0.0	0.51514	0.3307	
2147.0	0.0	0.51462	0.3296	
2148.0	0.0	0.51373	0.3326	
2149.0	0.0	0.51291	0.3235	
2150.0	0.0	0.51253	0.3235	
2151.0	0.0	0.5127	0.3204	
2152.0	0.0	0.51344	0.3201	
2153.0	0.0	0.51427	0.3208	
2154.0	0.0	0.51477	0.3407	
2155.0	0.0	0.51454	0.3384	
2156.0	0.0	0.51389	0.3372	
2157.0	0.0	0.51306	0.3296	
2158.0	0.0	0.51245	0.3376	
2159.0	0.0	0.51253	0.33	
2160.0	0.0	0.51317	0.322	
2161.0	0.0	0.51404	0.3204	
2162.0	0.0	0.51466	0.3609	
2163.0	0.0	0.51471	0.3399	
2164.0	0.0	0.51418	0.3338	
2165.0	0.0	0.51326	0.3292	
2166.0	0.0	0.51247	0.3273	
2167.0	0.0	0.51233	0.3208	
2168.0	0.0	0.51266	0.3201	
2169.0	0.0	0.51344	0.3345	
2170.0	0.0	0.51422	0.3399	
2171.0	0.0	0.51443	0.333	
2172.0	0.0	0.51416	0.3384	
2173.0	0.0	0.51332	0.3254	
2174.0	0.0	0.51257	0.3197	
2175.0	0.0	0.51202	0.3414	
2176.0	0.0	0.5123	0.3422	
2177.0	0.0	0.51282	0.3361	
2178.0	0.0	0.51355	0.3376	
2179.0	0.0	0.51382	0.3353	
2180.0	0.0	0.51355	0.333	
2181.0	0.0	0.51282	0.3288	
2182.0	0.0	0.51193	0.3372	
2183.0	0.0	0.51131	0.3368	
2184.0	0.0	0.51118	0.3365	
2185.0	0.0	0.51173	0.3323	
2186.0	0.0	0.51239	0.3315	
2187.0	0.0	0.513	0.3231	
2188.0	0.0	0.51295	0.3208	
2189.0	0.0	0.51239	0.3216	
2190.0	0.0	0.51154	0.3479	
2191.0	0.0	0.51088	0.3418	
2192.0	0.0	0.51065	0.3399	
2193.0	0.0	0.51099	0.3376	
2194.0	0.0	0.51202	0.3315	
2195.0	0.0	0.51276	0.3368	
2196.0	0.0	0.51288	0.3235	
2197.0	0.0	0.51254	0.3223	
2198.0	0.0	0.51172	0.3418	
2199.0	0.0	0.51082	0.3372	
2200.0	0.0	0.5105	0.3372	
2201.0	0.0	0.51068	0.3231	
2202.0	0.0	0.51151	0.3223	
2203.0	0.0	0.51239	0.351	
2204.0	0.0	0.51294	0.3429	
2205.0	0.0	0.51263	0.3422	
2206.0	0.0	0.51192	0.3414	
2207.0	0.0	0.51105	0.3395	
2208.0	0.0	0.51056	0.3368	
2209.0	0.0	0.51056	0.3342	
2210.0	0.0	0.51111	0.3296	
2211.0	0.0	0.5119	0.3372	
2212.0	0.0	0.51234	0.3242	
2213.0	0.0	0.51234	0.3227	
2214.0	0.0	0.51173	0.3204	
2215.0	0.0	0.51093	0.322	
2216.0	0.0	0.5099	0.3464	
2217.0	0.0	0.50983	0.341	
2218.0	0.0	0.51022	0.3365	
2219.0	0.0	0.51096	0.3319	
2220.0	0.0	0.51163	0.3368	
2221.0	0.0	0.51166	0.3288	
2222.0	0.0	0.51129	0.322	
2223.0	0.0	0.51045	0.3433	
2224.0	0.0	0.50977	0.3376	
2225.0	0.0	0.50928	0.3326	
2226.0	0.0	0.50961	0.3323	
2227.0	0.0	0.51025	0.3227	
2228.0	0.0	0.51102	0.3422	
2229.0	0.0	0.51123	0.3387	
2230.0	0.0	0.51111	0.333	
2231.0	0.0	0.51009	0.3387	
2232.0	0.0	0.50934	0.3258	
2233.0	0.0	0.50879	0.322	
2234.0	0.0	0.5087	0.3216	
2235.0	0.0	0.50941	0.3422	
2236.0	0.0	0.51028	0.3376	
2237.0	0.0	0.51083	0.3307	
2238.0	0.0	0.51082	0.3254	
2239.0	0.0	0.51019	0.322	
2240.0	0.0	0.50935	0.3601	
2241.0	0.0	0.50867	0.3407	
2242.0	0.0	0.5085	0.3319	
2243.0	0.0	0.50891	0.33	
2244.0	0.0	0.50977	0.3212	
2245.0	0.0	0.51044	0.3437	
2246.0	0.0	0.51039	0.341	
2247.0	0.0	0.51025	0.3357	
2248.0	0.0	0.50938	0.33	
2249.0	0.0	0.50851	0.3292	
2250.0	0.0	0.50807	0.3212	
2251.0	0.0	0.50827	0.3201	
2252.0	0.0	0.50891	0.3571	
2253.0	0.0	0.50977	0.3395	
2254.0	0.0	0.51012	0.3288	
2255.0	0.0	0.5099	0.3273	
2256.0	0.0	0.50934	0.3212	
2257.0	0.0	0.50842	0.3437	
2258.0	0.0	0.50787	0.3376	
2259.0	0.0	0.508	0.3284	
2260.0	0.0	0.50842	0.3258	
2261.0	0.0	0.50946	0.3201	
2262.0	0.0	0.50977	0.3437	
2263.0	0.0	0.50961	0.3414	
2264.0	0.0	0.50891	0.3361	
2265.0	0.0	0.50795	0.333	
2266.0	0.0	0.50732	0.3223	
2267.0	0.0	0.50714	0.3201	
2268.0	0.0	0.50751	0.3441	
2269.0	0.0	0.50827	0.3376	
2270.0	0.0	0.50885	0.33	
2271.0	0.0	0.50899	0.325	
2272.0	0.0	0.50867	0.3201	
2273.0	0.0	0.50775	0.3407	
2274.0	0.0	0.5069	0.333	
2275.0	0.0	0.50653	0.3368	
2276.0	0.0	0.50671	0.3239	
2277.0	0.0	0.50743	0.3189	
2278.0	0.0	0.50818	0.3582	
2279.0	0.0	0.50868	0.3391	
2280.0	0.0	0.50824	0.3292	
2281.0	0.0	0.50739	0.3365	
2282.0	0.0	0.50653	0.322	
2283.0	0.0	0.50592	0.3189	
2284.0	0.0	0.50598	0.3567	
2285.0	0.0	0.50653	0.3387	
2286.0	0.0	0.50745	0.3349	
2287.0	0.0	0.508	0.3319	
2288.0	0.0	0.50793	0.3304	
2289.0	0.0	0.50739	0.3304	
2290.0	0.0	0.50656	0.3201	
2291.0	0.0	0.50581	0.3201	
2292.0	0.0	0.50565	0.338	
2293.0	0.0	0.50604	0.3292	
2294.0	0.0	0.50677	0.3292	
2295.0	0.0	0.50739	0.3197	
2296.0	0.0	0.50772	0.3571	
2297.0	0.0	0.50751	0.3403	
2298.0	0.0	0.50644	0.3334	
2299.0	0.0	0.50557	0.3277	
2300.0	0.0	0.50514	0.3319	
2301.0	0.0	0.50537	0.3204	
2302.0	0.0	0.50612	0.3189	
2303.0	0.0	0.50691	0.3391	
2304.0	0.0	0.50722	0.3357	
2305.0	0.0	0.50691	0.3254	
2306.0	0.0	0.50623	0.3284	
2307.0	0.0	0.50546	0.3181	
2308.0	0.0	0.50482	0.3193	
2309.0	0.0	0.50485	0.3387	
2310.0	0.0	0.50543	0.3319	
2311.0	0.0	0.50607	0.3296	
2312.0	0.0	0.50668	0.3349	
2313.0	0.0	0.50671	0.3281	
2314.0	0.0	0.50629	0.3197	
2315.0	0.0	0.50537	0.3178	
2316.0	0.0	0.50488	0.3181	
2317.0	0.0	0.50476	0.3551	
2318.0	0.0	0.50526	0.3357	
2319.0	0.0	0.50616	0.3277	
2320.0	0.0	0.50674	0.33	
2321.0	0.0	0.50691	0.3181	
2322.0	0.0	0.50656	0.3197	
2323.0	0.0	0.50574	0.3391	
2324.0	0.0	0.50507	0.3372	
2325.0	0.0	0.50471	0.3349	
2326.0	0.0	0.50513	0.3284	
2327.0	0.0	0.5058	0.3307	
2328.0	0.0	0.50656	0.3193	
2329.0	0.0	0.50696	0.3193	
2330.0	0.0	0.50671	0.3422	
2331.0	0.0	0.50607	0.338	
2332.0	0.0	0.50513	0.3315	
2333.0	0.0	0.50465	0.3357	
2334.0	0.0	0.50476	0.3208	
2335.0	0.0	0.50537	0.3189	
2336.0	0.0	0.50598	0.3422	
2337.0	0.0	0.50665	0.3384	
2338.0	0.0	0.50656	0.3323	
2339.0	0.0	0.50592	0.3281	
2340.0	0.0	0.50507	0.3319	
2341.0	0.0	0.50452	0.3212	
2342.0	0.0	0.50435	0.3197	
2343.0	0.0	0.5049	0.3414	
2344.0	0.0	0.50555	0.3376	
2345.0	0.0	0.50606	0.3304	
2346.0	0.0	0.50609	0.3323	
2347.0	0.0	0.50565	0.3212	
2348.0	0.0	0.50494	0.3193	
2349.0	0.0	0.5043	0.3212	
2350.0	0.0	0.50388	0.3418	
2351.0	0.0	0.5041	0.3391	
2352.0	0.0	0.50478	0.3296	
2353.0	0.0	0.50549	0.3258	
2354.0	0.0	0.50583	0.3197	
2355.0	0.0	0.50557	0.3407	
2356.0	0.0	0.50475	0.3387	
2357.0	0.0	0.50385	0.3296	
2358.0	0.0	0.50323	0.3296	
2359.0	0.0	0.50336	0.3216	
2360.0	0.0	0.50383	0.3426	
2361.0	0.0	0.50458	0.3395	
2362.0	0.0	0.50504	0.3345	
2363.0	0.0	0.50502	0.3342	
2364.0	0.0	0.50439	0.3201	
2365.0	0.0	0.50325	0.341	
2366.0	0.0	0.50267	0.3311	
2367.0	0.0	0.5025	0.3365	
2368.0	0.0	0.50279	0.3239	
2369.0	0.0	0.50343	0.3193	
2370.0	0.0	0.50415	0.3201	
2371.0	0.0	0.50421	0.3407	
2372.0	0.0	0.50369	0.3395	
2373.0	0.0	0.50256	0.3319	
2374.0	0.0	0.50182	0.3315	
2375.0	0.0	0.50142	0.3208	
2376.0	0.0	0.50165	0.3479	
2377.0	0.0	0.50232	0.3391	
2378.0	0.0	0.50307	0.3311	
2379.0	0.0	0.50333	0.3353	
2380.0	0.0	0.50287	0.3208	
2381.0	0.0	0.50209	0.359	
2382.0	0.0	0.50119	0.3372	
2383.0	0.0	0.50055	0.3296	
2384.0	0.0	0.50061	0.3273	
2385.0	0.0	0.50124	0.3204	
2386.0	0.0	0.50189	0.3464	
2387.0	0.0	0.50238	0.3365	
2388.0	0.0	0.50227	0.3269	
2389.0	0.0	0.50153	0.3246	
2390.0	0.0	0.50067	0.3197	
2391.0	0.0	0.5	0.3403	
2392.0	0.0	0.49988	0.3349	
2393.0	0.0	0.50038	0.3304	
2394.0	0.0	0.50122	0.3319	
2395.0	0.0	0.50183	0.3201	
2396.0	0.0	0.50201	0.3197	
2397.0	0.0	0.50156	0.3384	
2398.0	0.0	0.50079	0.3334	
2399.0	0.0	0.49985	0.3288	
2400.0	0.0	0.49954	0.3262	
2401.0	0.0	0.49988	0.3197	
2402.0	0.0	0.50061	0.3441	
2403.0	0.0	0.50145	0.3342	
2404.0	0.0	0.50186	0.3361	
2405.0	0.0	0.50165	0.3201	
2406.0	0.0	0.50079	0.3197	
2407.0	0.0	0.50002	0.3387	
2408.0	0.0	0.49957	0.3326	
2409.0	0.0	0.49965	0.3368	
2410.0	0.0	0.50032	0.3212	
2411.0	0.0	0.5011	0.3414	
2412.0	0.0	0.50156	0.3391	
2413.0	0.0	0.50159	0.3338	
2414.0	0.0	0.50098	0.3357	
2415.0	0.0	0.50011	0.325	
2416.0	0.0	0.49939	0.3193	
2417.0	0.0	0.49927	0.3548	
2418.0	0.0	0.49982	0.3391	
2419.0	0.0	0.50055	0.3288	
2420.0	0.0	0.50108	0.3265	
2421.0	0.0	0.50121	0.3201	
2422.0	0.0	0.50067	0.3212	
2423.0	0.0	0.49969	0.3414	
2424.0	0.0	0.49898	0.3368	
2425.0	0.0	0.49861	0.3292	
2426.0	0.0	0.49893	0.3254	
2427.0	0.0	0.49951	0.3193	
2428.0	0.0	0.50043	0.3395	
2429.0	0.0	0.50067	0.3296	
2430.0	0.0	0.50044	0.3201	
2431.0	0.0	0.49963	0.3204	
2432.0	0.0	0.49884	0.3372	
2433.0	0.0	0.49838	0.3277	
2434.0	0.0	0.49841	0.3197	
2435.0	0.0	0.49908	0.3433	
2436.0	0.0	0.49982	0.3349	
2437.0	0.0	0.50058	0.3281	
2438.0	0.0	0.50055	0.3208	
2439.0	0.0	0.49997	0.3197	
2440.0	0.0	0.49918	0.3384	
2441.0	0.0	0.49854	0.333	
2442.0	0.0	0.49854	0.3357	
2443.0	0.0	0.49904	0.3212	
2444.0	0.0	0.49997	0.3189	
2445.0	0.0	0.50061	0.338	
2446.0	0.0	0.50104	0.3273	
2447.0	0.0	0.50055	0.3227	
2448.0	0.0	0.49962	0.3201	
2449.0	0.0	0.49902	0.3315	
2450.0	0.0	0.49876	0.3304	
2451.0	0.0	0.49922	0.3204	
2452.0	0.0	0.49994	0.3403	
2453.0	0.0	0.50055	0.3307	
2454.0	0.0	0.50104	0.3262	
2455.0	0.0	0.50082	0.3212	
2456.0	0.0	0.50024	0.3178	
2457.0	0.0	0.49936	0.3426	
2458.0	0.0	0.49902	0.3334	
2459.0	0.0	0.49908	0.3353	
2460.0	0.0	0.49971	0.3212	
2461.0	0.0	0.50056	0.3189	
2462.0	0.0	0.50104	0.3456	
2463.0	0.0	0.50111	0.3384	
2464.0	0.0	0.50037	0.3296	
2465.0	0.0	0.49934	0.3334	
2466.0	0.0	0.49869	0.3197	
2467.0	0.0	0.4986	0.3201	
2468.0	0.0	0.49915	0.3376	
2469.0	0.0	0.49983	0.3277	
2470.0	0.0	0.50049	0.3242	
2471.0	0.0	0.5006	0.3189	
2472.0	0.0	0.50015	0.3517	
2473.0	0.0	0.49922	0.3365	
2474.0	0.0	0.49846	0.3269	
2475.0	0.0	0.49815	0.3197	
2476.0	0.0	0.49835	0.3399	
2477.0	0.0	0.49904	0.3311	
2478.0	0.0	0.49976	0.3208	
2479.0	0.0	0.50005	0.3193	
2480.0	0.0	0.49963	0.3384	
2481.0	0.0	0.49902	0.3277	
2482.0	0.0	0.49814	0.3284	
2483.0	0.0	0.49768	0.3193	
2484.0	0.0	0.49763	0.3464	
2485.0	0.0	0.49817	0.3353	
2486.0	0.0	0.4989	0.3342	
2487.0	0.0	0.49921	0.3193	
2488.0	0.0	0.49916	0.3395	
2489.0	0.0	0.4986	0.3319	
2490.0	0.0	0.49768	0.3254	
2491.0	0.0	0.49695	0.3197	
2492.0	0.0	0.49677	0.3384	
2493.0	0.0	0.49715	0.3277	
2494.0	0.0	0.49789	0.3242	
2495.0	0.0	0.49861	0.3208	
2496.0	0.0	0.49861	0.3407	
2497.0	0.0	0.49806	0.3365	
2498.0	0.0	0.49719	0.3361	
2499.0	0.0	0.4964	0.3254	
2500.0	0.0	0.49609	0.3197	
2501.0	0.0	0.49634	0.3433	
2502.0	0.0	0.4969	0.3342	
2503.0	0.0	0.49754	0.3368	
2504.0	0.0	0.49786	0.3242	
2505.0	0.0	0.49756	0.3197	
2506.0	0.0	0.49677	0.3593	
2507.0	0.0	0.49585	0.3403	
2508.0	0.0	0.49521	0.3349	
2509.0	0.0	0.49518	0.3319	
2510.0	0.0	0.49576	0.3269	
2511.0	0.0	0.49641	0.3204	
2512.0	0.0	0.49673	0.3395	
2513.0	0.0	0.49654	0.3304	
2514.0	0.0	0.49586	0.3304	
2515.0	0.0	0.49486	0.3201	
2516.0	0.0	0.49405	0.338	
2517.0	0.0	0.49396	0.3357	
2518.0	0.0	0.4942	0.3239	
2519.0	0.0	0.49475	0.3201	
2520.0	0.0	0.49519	0.3212	
2521.0	0.0	0.49518	0.3395	
2522.0	0.0	0.49469	0.3334	
2523.0	0.0	0.49388	0.3323	
2524.0	0.0	0.49283	0.3307	
2525.0	0.0	0.49242	0.3216	
2526.0	0.0	0.49274	0.3197	
2527.0	0.0	0.49333	0.3212	
2528.0	0.0	0.49397	0.3391	
2529.0	0.0	0.4942	0.3345	
2530.0	0.0	0.4939	0.3296	
2531.0	0.0	0.493	0.3345	
2532.0	0.0	0.4919	0.3269	
2533.0	0.0	0.49132	0.3197	
2534.0	0.0	0.49152	0.3201	
2535.0	0.0	0.49191	0.3605	
2536.0	0.0	0.49277	0.341	
2537.0	0.0	0.49323	0.3387	
2538.0	0.0	0.49323	0.3342	
2539.0	0.0	0.49229	0.3288	
2540.0	0.0	0.49156	0.3365	
2541.0	0.0	0.49086	0.3204	
2542.0	0.0	0.49055	0.3193	
2543.0	0.0	0.49084	0.3399	
2544.0	0.0	0.49158	0.3319	
2545.0	0.0	0.4921	0.3273	
2546.0	0.0	0.49239	0.3338	
2547.0	0.0	0.49173	0.3281	
2548.0	0.0	0.49091	0.3204	
2549.0	0.0	0.48993	0.3567	
2550.0	0.0	0.48962	0.3395	
2551.0	0.0	0.48969	0.3353	
2552.0	0.0	0.49042	0.3277	
2553.0	0.0	0.4911	0.3296	
2554.0	0.0	0.49133	0.3353	
2555.0	0.0	0.49095	0.3277	
2556.0	0.0	0.49011	0.3227	
2557.0	0.0	0.48909	0.3204	
2558.0	0.0	0.48871	0.3197	
2559.0	0.0	0.48874	0.3201	
2560.0	0.0	0.48926	0.3204	
2561.0	0.0	0.48993	0.341	
2562.0	0.0	0.4903	0.3387	
2563.0	0.0	0.49007	0.3311	
2564.0	0.0	0.48927	0.3345	
2565.0	0.0	0.48834	0.3189	
2566.0	0.0	0.48761	0.3407	
2567.0	0.0	0.48741	0.3368	
2568.0	0.0	0.48792	0.3277	
2569.0	0.0	0.48866	0.3216	
2570.0	0.0	0.48914	0.3201	
2571.0	0.0	0.48914	0.3197	
2572.0	0.0	0.4884	0.3422	
2573.0	0.0	0.48749	0.3387	
2574.0	0.0	0.48663	0.3319	
2575.0	0.0	0.48622	0.3304	
2576.0	0.0	0.48656	0.3284	
2577.0	0.0	0.48737	0.3197	
2578.0	0.0	0.48787	0.3208	
2579.0	0.0	0.48822	0.3422	
2580.0	0.0	0.4879	0.3315	
2581.0	0.0	0.487	0.3319	
2582.0	0.0	0.48615	0.3235	
2583.0	0.0	0.48553	0.3204	
2584.0	0.0	0.48569	0.3212	
2585.0	0.0	0.4861	0.3395	
2586.0	0.0	0.48682	0.3292	
2587.0	0.0	0.48706	0.3353	
2588.0	0.0	0.48688	0.3208	
2589.0	0.0	0.48628	0.3212	
2590.0	0.0	0.48524	0.3384	
2591.0	0.0	0.48462	0.3304	
2592.0	0.0	0.48431	0.3288	
2593.0	0.0	0.48485	0.3216	
2594.0	0.0	0.48553	0.3414	
2595.0	0.0	0.48592	0.3319	
2596.0	0.0	0.48584	0.3353	
2597.0	0.0	0.48535	0.3208	
2598.0	0.0	0.48448	0.3216	
2599.0	0.0	0.48349	0.3422	
2600.0	0.0	0.48334	0.338	
2601.0	0.0	0.4834	0.3307	
2602.0	0.0	0.48413	0.3311	
2603.0	0.0	0.48485	0.3242	
2604.0	0.0	0.48511	0.322	
2605.0	0.0	0.48473	0.3201	
2606.0	0.0	0.48395	0.3426	
2607.0	0.0	0.48303	0.338	
2608.0	0.0	0.48242	0.3361	
2609.0	0.0	0.48236	0.3315	
2610.0	0.0	0.48291	0.3368	
2611.0	0.0	0.48363	0.3311	
2612.0	0.0	0.4841	0.3204	
2613.0	0.0	0.48404	0.3403	
2614.0	0.0	0.48331	0.3361	
2615.0	0.0	0.48253	0.3288	
2616.0	0.0	0.48195	0.3208	
2617.0	0.0	0.48157	0.3216	
2618.0	0.0	0.48193	0.3426	
2619.0	0.0	0.48279	0.3395	
2620.0	0.0	0.4834	0.3353	
2621.0	0.0	0.48355	0.3212	
2622.0	0.0	0.48312	0.3403	
2623.0	0.0	0.48236	0.3319	
2624.0	0.0	0.48138	0.3361	
2625.0	0.0	0.4812	0.322	
2626.0	0.0	0.48138	0.3223	
2627.0	0.0	0.48215	0.3403	
2628.0	0.0	0.48297	0.338	
2629.0	0.0	0.48323	0.333	
2630.0	0.0	0.48306	0.338	
2631.0	0.0	0.48212	0.3223	
2632.0	0.0	0.48116	0.322	
2633.0	0.0	0.48077	0.341	
2634.0	0.0	0.4809	0.3368	
2635.0	0.0	0.48163	0.3307	
2636.0	0.0	0.48242	0.3384	
2637.0	0.0	0.48285	0.3292	
2638.0	0.0	0.48257	0.3223	
2639.0	0.0	0.48213	0.3208	
2640.0	0.0	0.48114	0.3609	
2641.0	0.0	0.48053	0.3365	
2642.0	0.0	0.48035	0.3288	
2643.0	0.0	0.48099	0.3265	
2644.0	0.0	0.48158	0.3223	
2645.0	0.0	0.48221	0.3437	
2646.0	0.0	0.48219	0.3361	
2647.0	0.0	0.48175	0.3296	
2648.0	0.0	0.48073	0.3277	
2649.0	0.0	0.47987	0.3216	
2650.0	0.0	0.47968	0.3387	
2651.0	0.0	0.47992	0.3368	
2652.0	0.0	0.48059	0.3223	
2653.0	0.0	0.48128	0.341	
2654.0	0.0	0.48145	0.3304	
2655.0	0.0	0.48111	0.3292	
2656.0	0.0	0.4803	0.3204	
2657.0	0.0	0.47937	0.3433	
2658.0	0.0	0.47894	0.3387	
2659.0	0.0	0.47903	0.3292	
2660.0	0.0	0.47952	0.3246	
2661.0	0.0	0.48018	0.3204	
2662.0	0.0	0.48065	0.3407	
2663.0	0.0	0.48058	0.3361	
2664.0	0.0	0.47984	0.3281	
2665.0	0.0	0.47894	0.3334	
2666.0	0.0	0.47818	0.3201	
2667.0	0.0	0.47803	0.3479	
2668.0	0.0	0.4785	0.3361	
2669.0	0.0	0.47919	0.3246	
2670.0	0.0	0.47987	0.3216	
2671.0	0.0	0.47997	0.341	
2672.0	0.0	0.47943	0.3338	
2673.0	0.0	0.47858	0.33	
2674.0	0.0	0.47774	0.3315	
2675.0	0.0	0.47746	0.3223	
2676.0	0.0	0.47778	0.3231	
2677.0	0.0	0.47845	0.3372	
2678.0	0.0	0.47932	0.338	
2679.0	0.0	0.47974	0.3212	
2680.0	0.0	0.47943	0.3422	
2681.0	0.0	0.47864	0.3315	
2682.0	0.0	0.47772	0.3307	
2683.0	0.0	0.47726	0.3212	
2684.0	0.0	0.47762	0.3216	
2685.0	0.0	0.47829	0.338	
2686.0	0.0	0.47902	0.3281	
2687.0	0.0	0.47986	0.3242	
2688.0	0.0	0.47957	0.3208	
2689.0	0.0	0.47906	0.3429	
2690.0	0.0	0.47821	0.3361	
2691.0	0.0	0.47763	0.3281	
2692.0	0.0	0.4776	0.3242	
2693.0	0.0	0.47813	0.3223	
2694.0	0.0	0.47906	0.341	
2695.0	0.0	0.47972	0.3315	
2696.0	0.0	0.4801	0.338	
2697.0	0.0	0.47955	0.3227	
2698.0	0.0	0.47887	0.3231	
2699.0	0.0	0.47816	0.3387	
